Route #1: [0, 566, 812, 3127, 2351, 1853, 1273, 185, 3399, 1175, 1162, 3597, 3423, 1587, 3786, 1999, 3842, 782, 2001, 1341, 2440, 18, 1437, 308, 215, 1286, 1941, 2682, 2609, 1246, 2347, 2543, 1597, 1427, 237, 3033, 3584, 2942, 221, 3670, 883, 3835, 3077, 2535, 3065, 2967, 1331, 979, 581, 3550, 3869, 1439, 2442, 2482, 97, 3737, 3770, 1748, 327, 2977, 2268, 1158, 2485, 1704, 3498, 309, 706, 1179, 1995, 3177, 2639, 3697, 1077, 2337, 3492, 3892, 748, 2323, 393, 3462, 1476, 824, 1322, 893, 3829, 1357, 1323, 1750, 1348, 2299, 3871, 1354, 1724, 2512, 67, 0]
Route #2: [0, 2579, 3440, 3790, 1609, 1956, 2954, 603, 346, 3668, 2070, 3652, 3076, 421, 3907, 1028, 2013, 553, 2627, 120, 1227, 3691, 1366, 1645, 3347, 1568, 1393, 1278, 578, 2762, 3370, 1494, 3527, 3508, 3948, 1601, 1566, 2025, 2920, 1618, 772, 3806, 2331, 3557, 3353, 2420, 803, 2740, 2027, 273, 2692, 3592, 3742, 2166, 2212, 1804, 3171, 324, 894, 1185, 2315, 1616, 376, 2250, 1285, 935, 2242, 839, 1380, 1589, 57, 2319, 852, 2107, 131, 2985, 3716, 601, 2828, 796, 1791, 3303, 1441, 0]
Route #3: [0, 3355, 2824, 3971, 2614, 3326, 2375, 2926, 1820, 1073, 3809, 2055, 3951, 3000, 1252, 3299, 1990, 1424, 1320, 1535, 1954, 2906, 539, 2047, 3112, 549, 1100, 924, 1266, 1387, 673, 2676, 2711, 3945, 625, 3646, 1217, 272, 2615, 855, 1669, 292, 150, 2851, 2464, 1780, 1507, 2801, 2045, 3693, 2891, 3023, 2696, 1125, 1407, 3293, 247, 583, 3525, 3385, 2593, 3213, 2786, 3196, 3675, 2479, 3203, 3573, 2295, 889, 3181, 927, 2273, 3136, 905, 1097, 3124, 680, 533, 3088, 3477, 1379, 1473, 104, 3964, 416, 3798, 2339, 993, 3444, 230, 3594, 3230, 0]
Route #4: [0, 1863, 1560, 3815, 1674, 176, 2868, 514, 3686, 3341, 880, 235, 1728, 3491, 2765, 3317, 1126, 3720, 966, 2237, 462, 577, 3231, 1040, 231, 58, 2909, 2421, 3553, 3053, 424, 2092, 317, 2159, 571, 3456, 3335, 3416, 3833, 2478, 1303, 180, 1671, 3304, 1684, 1676, 203, 2930, 3787, 3618, 3229, 3922, 1983, 837, 2683, 2732, 2451, 3488, 1725, 2562, 3660, 3714, 3463, 1734, 1761, 3132, 1204, 1149, 2886, 1716, 2150, 3778, 3468, 761, 1229, 2728, 2798, 1487, 3055, 2651, 2500, 73, 3993, 666, 3757, 3301, 3432, 362, 3542, 1041, 41, 1034, 0]
Route #5: [0, 3381, 598, 1326, 1098, 1468, 3950, 798, 1462, 854, 3933, 3952, 3664, 672, 1095, 3863, 2435, 1012, 3172, 1533, 3567, 951, 302, 1617, 955, 1284, 759, 238, 364, 2816, 335, 210, 35, 753, 2807, 1835, 1445, 3644, 1061, 3861, 2686, 1803, 2397, 762, 554, 1916, 2916, 3990, 3841, 1879, 588, 3820, 2097, 2642, 1423, 2876, 3908, 2134, 3098, 2280, 3059, 2188, 3090, 2229, 1556, 2968, 99, 532, 3485, 2861, 1030, 667, 2232, 2618, 3771, 3122, 1486, 790, 1679, 2667, 2084, 1697, 506, 569, 1994, 1639, 1484, 2855, 0]
Route #6: [0, 1781, 1001, 2432, 1244, 2296, 1831, 2071, 3735, 1414, 3925, 3216, 1887, 2810, 2572, 1156, 701, 638, 517, 2373, 2457, 819, 1852, 1933, 1544, 477, 2857, 2138, 1500, 197, 179, 657, 1449, 2735, 3536, 3063, 2020, 3746, 1525, 1234, 2309, 3311, 2040, 2000, 2877, 925, 3605, 3838, 3455, 1862, 2115, 2948, 1337, 11, 3857, 3166, 478, 2267, 2983, 3690, 3118, 2219, 605, 91, 3904, 1400, 3563, 1455, 2466, 443, 3659, 637, 173, 1580, 2965, 3616, 3363, 55, 646, 742, 409, 1659, 3928, 1874, 1308, 3648, 2093, 2652, 1767, 1793, 0]
Route #7: [0, 1054, 3673, 2080, 2437, 1553, 3564, 2722, 627, 3872, 1193, 3117, 2103, 3784, 66, 94, 3470, 3915, 2970, 2507, 2687, 2282, 886, 3593, 2641, 841, 1276, 392, 3116, 2980, 2311, 918, 2973, 2477, 3359, 13, 1644, 2425, 3532, 1612, 3847, 593, 1790, 1269, 3067, 1390, 3429, 319, 2291, 1384, 3887, 1895, 1391, 2393, 220, 1565, 960, 2790, 3976, 1708, 2230, 2023, 1343, 2206, 2571, 2515, 1277, 1974, 2277, 747, 1046, 1821, 1365, 2143, 52, 1635, 1011, 3197, 3590, 3039, 1293, 2498, 2489, 2907, 2785, 0]
Route #8: [0, 1963, 2927, 498, 1223, 3549, 1272, 2796, 452, 3603, 3374, 158, 2225, 1426, 2576, 3072, 2390, 2254, 2666, 1161, 691, 2449, 1166, 1875, 1958, 995, 1392, 2249, 2678, 872, 3529, 783, 2378, 190, 170, 3702, 3329, 2987, 1943, 635, 1944, 2754, 2931, 2623, 3027, 1992, 3228, 3953, 236, 9, 3591, 1232, 1479, 2406, 2947, 2605, 3052, 756, 3864, 547, 3070, 1637, 3121, 3490, 2210, 2558, 1294, 274, 2428, 490, 3663, 1235, 3150, 1207, 3483, 1017, 558, 3322, 3305, 3114, 3739, 423, 3466, 3182, 1688, 3941, 2913, 0]
Route #9: [0, 2723, 1636, 2832, 818, 153, 3083, 3334, 1778, 241, 446, 813, 2095, 1642, 1919, 1406, 1834, 259, 2072, 1458, 353, 254, 130, 878, 3191, 907, 1112, 499, 1599, 3500, 1800, 3647, 795, 318, 2307, 3954, 528, 3707, 2590, 1430, 495, 1066, 2673, 2808, 2553, 426, 3045, 3140, 1797, 3153, 3111, 2825, 3792, 369, 1177, 1092, 2098, 917, 2304, 1653, 2624, 619, 1250, 3205, 74, 3843, 290, 2236, 524, 2715, 2475, 3522, 1237, 537, 276, 780, 2262, 2118, 2932, 1826, 651, 3484, 1811, 724, 1822, 2196, 1683, 2067, 258, 1496, 3497, 0]
Route #10: [0, 3905, 1383, 342, 2780, 3654, 1889, 2526, 3128, 2089, 1102, 1332, 3804, 3404, 2221, 3167, 1182, 3599, 843, 3520, 411, 3997, 3800, 994, 2709, 286, 3650, 2140, 2937, 525, 1363, 2725, 2290, 228, 1521, 1321, 916, 2203, 1029, 2714, 1104, 32, 3752, 919, 2646, 2035, 1200, 1039, 1195, 1290, 1718, 2803, 1888, 831, 3875, 3736, 2860, 750, 535, 325, 1984, 1892, 2598, 2117, 3764, 1421, 45, 2195, 386, 2112, 2918, 3104, 561, 251, 2761, 1719, 3776, 3852, 2051, 1416, 977, 817, 403, 2182, 788, 3938, 3425, 676, 3534, 3853, 728, 2157, 3195, 3089, 93, 1469, 0]
Route #11: [0, 2836, 1049, 301, 3850, 3407, 1528, 1529, 3175, 2279, 734, 2148, 1253, 3075, 3711, 349, 1789, 3164, 3273, 641, 607, 2665, 3985, 947, 2358, 2400, 26, 3890, 896, 1915, 2563, 3099, 3274, 2595, 1260, 2036, 2792, 1461, 85, 3285, 60, 1133, 1214, 1121, 1520, 122, 1002, 1261, 2009, 633, 2266, 3601, 1190, 400, 2766, 1909, 1648, 2815, 954, 314, 1859, 1818, 2438, 730, 1536, 15, 1280, 645, 1036, 2452, 1159, 1116, 1347, 1745, 942, 2570, 1964, 1759, 2640, 2664, 2990, 1334, 991, 1711, 1952, 1792, 0]
Route #12: [0, 2811, 1805, 1808, 2752, 3959, 2797, 2141, 2113, 592, 1729, 1864, 260, 970, 2184, 2122, 1045, 256, 1867, 3464, 1382, 2056, 3885, 453, 3157, 3930, 2854, 2187, 3342, 1386, 1900, 521, 3013, 2234, 1732, 3375, 3700, 745, 3137, 143, 245, 407, 692, 3677, 278, 620, 2330, 3411, 3980, 51, 291, 1305, 2052, 3008, 3839, 480, 1417, 2548, 344, 1993, 277, 1056, 3794, 2228, 2243, 3331, 1505, 563, 1561, 718, 3509, 375, 3058, 3683, 183, 2998, 2125, 3501, 3036, 2568, 3741, 2160, 3424, 337, 2655, 3738, 3966, 2626, 840, 3438, 1483, 0]
Route #13: [0, 3446, 1576, 3587, 2771, 2456, 2288, 2398, 3698, 2731, 2054, 2852, 2002, 456, 2012, 8, 3454, 3009, 2871, 3727, 1936, 3093, 3705, 1448, 984, 1682, 2734, 3521, 473, 3760, 1433, 330, 3635, 2106, 3445, 895, 1539, 3767, 2684, 2322, 1130, 2708, 1245, 2915, 127, 1052, 1324, 1959, 3397, 316, 373, 78, 449, 413, 2368, 1213, 2235, 1555, 1344, 2283, 986, 1139, 2945, 2960, 2087, 1654, 1205, 1434, 2257, 394, 3101, 1650, 3333, 2753, 740, 1950, 501, 75, 727, 719, 216, 2659, 1913, 3235, 2991, 1475, 1621, 0]
Route #14: [0, 3539, 1397, 808, 1753, 1763, 3179, 3284, 650, 752, 1607, 3570, 2845, 269, 3645, 763, 1105, 664, 3044, 171, 208, 1198, 3435, 575, 3882, 3174, 2900, 973, 2974, 380, 739, 3696, 3962, 280, 1558, 1254, 875, 1297, 3916, 1894, 810, 1924, 1602, 2362, 2065, 2253, 2046, 1003, 1893, 1127, 3545, 3403, 2881, 2193, 888, 1746, 1585, 1089, 2849, 2559, 3037, 496, 2712, 2764, 53, 2174, 1265, 387, 3134, 187, 716, 294, 1071, 509, 2620, 3812, 3095, 3085, 2415, 3380, 3366, 87, 655, 2528, 1215, 1356, 0]
Route #15: [0, 1106, 3016, 3972, 869, 1008, 1263, 3050, 3517, 974, 1712, 1631, 3856, 845, 1325, 589, 1117, 1399, 2791, 3566, 3726, 451, 1527, 1398, 2399, 1216, 2365, 2165, 3103, 999, 1713, 2385, 2139, 1226, 675, 2643, 1514, 1843, 906, 3821, 3731, 2028, 1442, 21, 124, 3056, 3979, 3398, 2745, 582, 508, 1577, 3638, 1147, 1596, 2575, 3125, 2869, 2660, 3844, 3957, 2656, 372, 693, 2350, 2226, 3639, 3640, 3082, 3257, 3168, 3338, 2367, 3170, 1695, 1976, 264, 138, 3018, 2999, 2069, 2773, 830, 1757, 432, 2584, 3845, 681, 822, 3766, 863, 1775, 1287, 1296, 1094, 684, 3015, 3544, 114, 0]
Route #16: [0, 3687, 2272, 3732, 2363, 2995, 2510, 2183, 1975, 1120, 1988, 1882, 2882, 3768, 2644, 1088, 166, 1090, 3781, 2179, 1610, 2208, 315, 3870, 3097, 3745, 83, 14, 1615, 952, 351, 2994, 3310, 3773, 3860, 2214, 283, 946, 305, 2186, 3417, 903, 3569, 3729, 983, 3185, 2017, 658, 926, 2108, 2902, 1164, 475, 484, 1466, 1240, 1191, 1876, 1346, 2155, 3091, 3221, 3227, 3614, 1310, 182, 704, 2255, 2634, 3362, 3678, 793, 2742, 3602, 2343, 2939, 193, 2914, 3245, 2903, 3513, 3139, 165, 956, 1643, 1289, 3461, 63, 1912, 3110, 3057, 1371, 2172, 1573, 3819, 0]
Route #17: [0, 1236, 502, 2447, 3210, 3469, 2353, 1777, 1172, 1429, 874, 1880, 662, 3472, 1551, 284, 665, 1828, 2199, 2841, 3575, 3865, 1594, 2502, 2316, 1752, 3782, 1251, 1531, 2100, 1048, 1971, 1498, 1064, 3149, 2476, 522, 1338, 2938, 1151, 2747, 2317, 3987, 3620, 2804, 3244, 853, 263, 2244, 2241, 2328, 3903, 579, 814, 2917, 1656, 3450, 3434, 3589, 911, 3612, 1836, 1726, 2066, 910, 2448, 1135, 192, 1385, 1454, 2542, 391, 576, 1388, 2969, 536, 720, 1477, 2088, 1033, 2346, 3571, 226, 3254, 202, 2756, 2142, 982, 0]
Route #18: [0, 2019, 3807, 242, 469, 929, 1799, 3005, 2371, 3826, 1491, 1824, 1051, 3218, 3834, 1143, 2063, 1846, 106, 998, 167, 1937, 773, 586, 2802, 1680, 2523, 2583, 688, 775, 3202, 934, 527, 3048, 1443, 1829, 1572, 2144, 1787, 3382, 3629, 1978, 2493, 2805, 1965, 3506, 1327, 1402, 3878, 2952, 4000, 2992, 1735, 3325, 2934, 2324, 898, 976, 328, 1996, 1490, 3474, 3327, 3184, 1819, 2929, 2704, 568, 663, 2303, 2848, 1647, 1982, 1352, 1967, 1873, 3876, 1593, 2800, 1736, 422, 2607, 152, 2286, 1336, 1754, 801, 419, 3881, 0]
Route #19: [0, 940, 336, 145, 1014, 1155, 707, 3007, 2789, 1249, 1538, 702, 2697, 1502, 2176, 2648, 2271, 2379, 1522, 2555, 3709, 1569, 3560, 1575, 384, 128, 3651, 3901, 2522, 639, 2443, 1298, 2746, 3655, 1136, 1306, 3309, 1901, 3502, 950, 1078, 909, 1187, 3583, 3613, 1877, 434, 2300, 1262, 2959, 2778, 1110, 644, 10, 1620, 439, 188, 252, 341, 2222, 1208, 3272, 744, 2662, 2410, 2039, 3006, 564, 2943, 3042, 1425, 936, 961, 703, 2321, 3267, 3263, 2424, 2545, 3357, 3657, 3332, 1, 3129, 2592, 890, 0]
Route #20: [0, 293, 2953, 3755, 931, 1315, 2480, 1203, 2710, 1925, 3758, 3, 3084, 1403, 2650, 3078, 2355, 2430, 612, 1418, 2919, 2680, 590, 2996, 2450, 3287, 3619, 1696, 901, 133, 2978, 3204, 191, 1257, 2730, 1723, 382, 2465, 632, 2971, 1743, 504, 2858, 3135, 1209, 1550, 2883, 3276, 649, 3783, 2905, 1991, 1233, 1212, 3891, 1902, 1513, 2933, 2044, 969, 2213, 3609, 2619, 2034, 1279, 2749, 3631, 3526, 3598, 1206, 3681, 3514, 3546, 320, 2124, 3518, 1211, 1099, 781, 1493, 2846, 1516, 709, 1689, 3530, 3316, 1675, 2863, 1509, 2560, 3854, 0]
Route #21: [0, 457, 3769, 3074, 285, 540, 356, 2554, 1590, 2094, 3585, 3323, 2444, 1358, 699, 3862, 3541, 395, 2966, 2082, 2342, 2252, 485, 2224, 1807, 3315, 1330, 1015, 2997, 2414, 224, 689, 2246, 2705, 1005, 461, 1622, 687, 1865, 661, 1355, 3371, 2601, 1485, 347, 3173, 963, 1019, 2359, 729, 2956, 610, 448, 1084, 1588, 928, 1814, 2504, 953, 2190, 3625, 1687, 2982, 25, 2377, 3482, 3402, 3676, 1630, 486, 1474, 2135, 2763, 1801, 3240, 2865, 3840, 2613, 2079, 2565, 800, 2993, 492, 1678, 1119, 972, 1107, 3944, 3772, 3199, 68, 2736, 2538, 1444, 0]
Route #22: [0, 3017, 181, 249, 1751, 1559, 466, 3556, 2016, 1170, 1395, 303, 3848, 3302, 3349, 2494, 3138, 440, 81, 1966, 3156, 2888, 3126, 3486, 175, 3422, 2737, 2233, 3247, 1459, 1764, 1827, 698, 367, 2090, 3238, 552, 2382, 2573, 3505, 1369, 3031, 3519, 2029, 2574, 618, 1242, 2455, 306, 1574, 3559, 3499, 1401, 2408, 3986, 233, 519, 1700, 2596, 2458, 2813, 1540, 621, 3420, 1271, 2724, 323, 1652, 1069, 2356, 189, 3811, 2111, 904, 3578, 2911, 766, 2, 3911, 1511, 3297, 617, 1628, 326, 2866, 3081, 3949, 0]
Route #23: [0, 1145, 2077, 2979, 881, 3528, 1302, 1419, 3632, 3201, 2429, 1309, 359, 792, 1872, 1453, 3799, 670, 1816, 1776, 2839, 696, 2777, 2340, 1861, 2436, 2376, 2004, 2086, 2407, 2278, 2383, 1035, 3685, 3458, 746, 3623, 864, 2758, 178, 1980, 2862, 1927, 3024, 713, 2621, 1904, 3368, 3418, 2675, 3222, 2114, 1623, 3212, 2499, 27, 1949, 3568, 2220, 2509, 1518, 546, 1146, 1025, 169, 799, 1638, 296, 2835, 1080, 2716, 348, 135, 1497, 741, 1768, 1129, 3073, 2218, 3608, 3040, 778, 3336, 23, 2137, 0]
Route #24: [0, 1571, 1176, 2921, 614, 1563, 2391, 1378, 2530, 3358, 378, 3131, 967, 385, 937, 3022, 3264, 100, 3665, 2635, 1548, 1020, 2441, 988, 2610, 1495, 467, 2783, 3543, 3217, 257, 2205, 3467, 2604, 562, 1470, 2506, 3105, 2586, 3753, 2672, 1153, 804, 1225, 1584, 3524, 3401, 1730, 3723, 3051, 3627, 555, 1786, 510, 2717, 2197, 3538, 1613, 3540, 2109, 1241, 3808, 989, 1583, 2591, 1410, 1239, 1884, 437, 1131, 1663, 1038, 1247, 3457, 3207, 1770, 3965, 914, 1883, 545, 1221, 3113, 2497, 3120, 580, 0]
Route #25: [0, 2693, 958, 1856, 2843, 3266, 2585, 374, 2516, 3721, 1840, 2372, 1998, 2349, 2556, 996, 3910, 217, 2923, 2823, 2412, 1774, 3115, 1997, 1666, 821, 3107, 1665, 978, 1878, 2677, 1464, 3582, 1063, 2215, 3724, 1281, 2681, 860, 2744, 2202, 48, 488, 2178, 80, 2116, 1860, 3743, 3855, 146, 526, 3574, 2074, 1467, 3894, 1600, 542, 2495, 3661, 2826, 3159, 858, 3439, 3236, 482, 3914, 1586, 3694, 2384, 2152, 2364, 71, 884, 1115, 2472, 129, 3656, 3918, 3373, 3642, 3386, 732, 1087, 941, 2381, 3318, 1482, 0]
Route #26: [0, 1376, 2170, 345, 3012, 3695, 2014, 844, 2654, 511, 1489, 1603, 3763, 899, 2550, 2401, 2874, 1471, 2547, 1460, 965, 3032, 312, 1307, 1837, 2755, 1523, 2844, 1122, 246, 1649, 3688, 1188, 1940, 3674, 1738, 2949, 3988, 194, 417, 938, 2633, 195, 43, 1868, 2492, 2557, 3788, 65, 1626, 450, 2388, 962, 3001, 2238, 1866, 1340, 784, 3068, 3237, 201, 3756, 3779, 1517, 3448, 2898, 1703, 1917, 3586, 1333, 2873, 474, 3021, 1918, 1050, 218, 105, 1132, 2053, 2185, 811, 2694, 3535, 2344, 2924, 3220, 1760, 1524, 531, 388, 0]
Route #27: [0, 2126, 3580, 1611, 2759, 266, 3931, 2418, 2163, 572, 981, 3662, 3666, 2175, 1450, 2701, 3002, 3982, 253, 232, 1361, 920, 1258, 84, 3633, 3337, 1690, 464, 1914, 505, 3817, 711, 1699, 1428, 2577, 865, 1710, 3475, 2049, 2581, 791, 859, 3822, 110, 2784, 3427, 3577, 1248, 2336, 1934, 867, 1103, 1457, 1004, 3886, 3793, 3330, 1741, 2727, 1658, 3637, 3003, 139, 3161, 876, 616, 3142, 3643, 3064, 1946, 850, 3158, 2616, 2318, 1773, 1785, 199, 943, 2431, 3814, 1335, 1256, 2132, 3946, 2674, 721, 3679, 147, 3209, 0]
Route #28: [0, 2632, 3728, 3410, 352, 3270, 2161, 3956, 3699, 891, 102, 2589, 3198, 1072, 2588, 2833, 72, 2413, 3607, 1744, 3034, 877, 2060, 2885, 2325, 1908, 1411, 2922, 1905, 2691, 2806, 3144, 3828, 1727, 2534, 383, 1541, 608, 1605, 1351, 108, 2265, 3480, 3653, 3278, 1114, 2532, 49, 412, 1456, 2544, 200, 3797, 1194, 1855, 340, 3279, 2668, 134, 1881, 414, 806, 2487, 2842, 1619, 3628, 3551, 371, 3649, 634, 930, 862, 630, 358, 3193, 1060, 3393, 2360, 3621, 2505, 0]
Route #29: [0, 1059, 3188, 3169, 3942, 879, 1396, 1526, 565, 2629, 2298, 820, 1283, 3449, 3419, 1148, 3874, 3927, 2819, 3206, 1886, 205, 19, 3433, 3451, 1537, 671, 2335, 1452, 2292, 1083, 111, 648, 3900, 557, 573, 1068, 2695, 3754, 2121, 3471, 2782, 2645, 3803, 489, 1582, 3960, 3849, 209, 95, 631, 1546, 851, 3025, 3262, 2537, 270, 3748, 123, 2171, 1692, 1842, 3795, 2671, 3873, 530, 2936, 834, 3606, 2989, 2312, 2173, 3384, 3692, 2031, 1562, 3324, 3194, 3400, 2501, 2153, 3516, 3588, 2297, 1079, 1737, 1165, 0]
Route #30: [0, 945, 2104, 2471, 1111, 1779, 28, 1304, 2733, 429, 1955, 3622, 2685, 1815, 1907, 121, 321, 3947, 3552, 1651, 659, 157, 299, 3496, 89, 2032, 381, 234, 487, 1702, 2068, 738, 2887, 1960, 870, 3671, 1032, 1394, 3494, 2395, 2354, 1180, 2427, 2180, 142, 2389, 377, 2481, 3813, 985, 1436, 3453, 1295, 3934, 2042, 389, 279, 971, 1062, 751, 3443, 3610, 715, 494, 2405, 1196, 2551, 2799, 2925, 866, 3348, 1762, 472, 2033, 1849, 2168, 861, 1186, 229, 2445, 50, 758, 2285, 628, 1152, 1802, 3092, 212, 3396, 2829, 574, 0]
Route #31: [0, 2541, 2043, 723, 1825, 211, 708, 3141, 3762, 2566, 1463, 365, 7, 1093, 585, 3321, 1042, 544, 1910, 2552, 331, 1579, 2955, 3958, 3387, 2059, 3291, 1499, 3265, 1231, 1024, 470, 240, 3049, 1373, 825, 141, 1832, 3823, 12, 3830, 1532, 2689, 842, 2617, 3630, 427, 1691, 3473, 1530, 1408, 2972, 1055, 3604, 2912, 3343, 1614, 3866, 550, 3294, 882, 1174, 2463, 3320, 17, 2774, 2149, 2564, 602, 16, 2603, 912, 3667, 2433, 714, 3969, 2894, 2127, 1413, 3260, 36, 515, 2958, 1534, 3452, 1931, 2227, 399, 2091, 1769, 0]
Route #32: [0, 125, 512, 828, 3280, 556, 2289, 398, 690, 1766, 1668, 1270, 2787, 1784, 2518, 435, 1634, 2688, 2600, 3165, 1782, 3281, 629, 1313, 1922, 3636, 560, 3561, 3394, 1512, 3066, 401, 2454, 1953, 154, 177, 2287, 3430, 897, 1848, 1506, 3345, 2006, 3765, 835, 2638, 2380, 2081, 725, 797, 3785, 1181, 551, 1031, 2251, 2162, 1850, 2181, 1969, 1547, 261, 2940, 3447, 3703, 2294, 3275, 2818, 2981, 3442, 2531, 1970, 3269, 3189, 204, 3296, 1681, 1957, 1673, 2561, 2962, 1627, 1598, 0]
Route #33: [0, 2540, 2859, 1138, 2223, 1201, 2105, 47, 3596, 3481, 168, 2831, 1409, 1698, 1624, 455, 847, 679, 1006, 3531, 1813, 1720, 2519, 3123, 1641, 1854, 6, 431, 1405, 2284, 2123, 3868, 2895, 3360, 2136, 3014, 1228, 3094, 82, 2333, 1183, 1000, 3340, 2776, 591, 3163, 2738, 779, 338, 3511, 3837, 856, 3533, 250, 3880, 61, 2211, 3289, 787, 2099, 3712, 1118, 2131, 2889, 3977, 2423, 2963, 2580, 3152, 1717, 1367, 3219, 1986, 1715, 1930, 1664, 3634, 900, 1841, 3308, 3061, 297, 3961, 668, 0]
Route #34: [0, 3145, 1721, 2231, 2038, 902, 1788, 3893, 836, 206, 2305, 3249, 287, 132, 2988, 1259, 2320, 3186, 2567, 2760, 2908, 268, 3920, 2248, 3899, 1899, 1178, 1081, 1722, 513, 3493, 3030, 2151, 2037, 1948, 826, 1199, 1693, 2192, 2767, 1973, 2326, 1706, 3937, 1595, 1074, 908, 1677, 3298, 776, 1370, 1431, 406, 3377, 2521, 2870, 159, 3414, 3020, 3897, 34, 3079, 2366, 624, 3780, 24, 117, 430, 2975, 3547, 454, 3465, 3019, 3378, 1885, 1222, 244, 1053, 997, 2024, 3924, 0]
Route #35: [0, 777, 1830, 2008, 2030, 90, 3943, 1349, 161, 2021, 2884, 3775, 2145, 518, 794, 700, 964, 2338, 3718, 116, 2508, 2026, 3537, 3641, 3339, 2599, 3968, 652, 2856, 2308, 1432, 3346, 749, 281, 567, 3981, 2706, 493, 1067, 1640, 497, 1554, 3902, 1581, 1219, 113, 1329, 987, 3713, 3288, 1742, 3510, 694, 3306, 1906, 1592, 2698, 119, 1977, 3426, 1026, 857, 599, 225, 2486, 109, 1765, 3576, 1567, 69, 3917, 2270, 3744, 2404, 3250, 54, 609, 3215, 2402, 1197, 3895, 2597, 174, 733, 990, 2822, 3087, 1134, 445, 447, 3967, 463, 3489, 992, 0]
Route #36: [0, 1833, 2814, 871, 77, 438, 3367, 3884, 677, 92, 2820, 2853, 3108, 2130, 587, 2669, 289, 3255, 2007, 2904, 939, 98, 1360, 3730, 3155, 2240, 1989, 1264, 2003, 815, 3130, 922, 3071, 2352, 379, 433, 2850, 42, 2341, 3200, 516, 846, 3060, 2611, 3395, 2022, 1018, 838, 79, 1503, 2306, 3615, 282, 1578, 2370, 1037, 1435, 771, 3412, 3253, 354, 1508, 1812, 1796, 2345, 3680, 1123, 465, 2827, 2702, 802, 1230, 2189, 33, 2473, 1672, 332, 1339, 64, 3190, 1890, 1870, 2533, 726, 88, 683, 1202, 1740, 678, 298, 2177, 3261, 3669, 933, 765, 1359, 0]
Route #37: [0, 2751, 30, 2739, 1646, 3740, 1058, 1157, 3554, 3069, 2657, 1184, 1938, 3243, 2594, 1374, 1192, 873, 2057, 1420, 3717, 2158, 2890, 2602, 3989, 3747, 2417, 311, 3286, 816, 20, 262, 2788, 3162, 428, 3282, 275, 1625, 59, 1353, 606, 267, 643, 3246, 774, 2946, 420, 743, 636, 1839, 2005, 1552, 1655, 1939, 3689, 370, 1932, 3555, 2216, 1851, 3361, 56, 3041, 307, 3818, 722, 70, 2470, 3106, 3710, 1926, 2622, 3932, 360, 2748, 2496, 366, 3867, 163, 2050, 3672, 3223, 2245, 1275, 1057, 2194, 3836, 2812, 458, 418, 1350, 1316, 3086, 2625, 0]
Route #38: [0, 1108, 3523, 2517, 2096, 538, 76, 3441, 2263, 1141, 2207, 848, 2951, 1142, 357, 3906, 892, 735, 915, 1798, 559, 2893, 3912, 156, 2928, 2474, 343, 3080, 2899, 198, 1318, 2892, 3356, 136, 868, 1947, 213, 529, 3242, 2064, 2718, 2439, 3816, 3974, 767, 1301, 3889, 3143, 1189, 1160, 3624, 2606, 3999, 1368, 3921, 1810, 425, 2041, 1771, 3035, 2200, 3831, 2369, 3026, 534, 1086, 442, 3858, 3595, 1844, 31, 3548, 1823, 459, 3708, 1733, 1549, 596, 2984, 1440, 913, 2198, 3154, 2721, 3364, 2167, 2348, 1085, 0]
Route #39: [0, 1891, 2772, 959, 1510, 1171, 2403, 107, 1446, 3825, 310, 3704, 2201, 2713, 1662, 3479, 3909, 1633, 2120, 2434, 46, 809, 3234, 1150, 3512, 1657, 669, 3239, 1492, 3805, 3478, 3119, 3392, 3719, 38, 3750, 1342, 1255, 1709, 2582, 3307, 3684, 2329, 2910, 313, 3504, 503, 3319, 3160, 3955, 1481, 1447, 3292, 3415, 29, 481, 3801, 1911, 2483, 2146, 1968, 736, 2647, 1557, 2901, 2015, 932, 3725, 2935, 3926, 1543, 3879, 3406, 1480, 2327, 3701, 3062, 1404, 2750, 2838, 764, 1661, 2830, 1749, 2514, 3791, 1845, 0]
Route #40: [0, 350, 595, 1794, 271, 674, 1238, 1871, 2875, 770, 1389, 1047, 1920, 1438, 807, 1545, 2419, 523, 1144, 3391, 2986, 1685, 471, 686, 823, 3208, 1570, 3734, 3268, 3973, 944, 2880, 322, 5, 949, 300, 3749, 239, 1962, 3722, 1731, 355, 1362, 1224, 2608, 1961, 2529, 3300, 255, 2834, 3350, 1169, 3733, 785, 2411, 1701, 410, 3151, 1783, 1951, 1124, 415, 3214, 3004, 3351, 3211, 483, 2663, 789, 3147, 2513, 1027, 2467, 3183, 1076, 137, 2690, 1096, 2154, 2416, 754, 1282, 1210, 2847, 2719, 3846, 1606, 3046, 3998, 115, 0]
Route #41: [0, 647, 1981, 2332, 405, 3187, 1023, 3761, 184, 1714, 2392, 2743, 887, 3047, 1921, 3344, 1686, 1629, 3421, 3312, 3376, 2549, 2426, 2217, 3133, 1979, 1218, 2387, 3295, 2468, 1314, 2976, 2879, 2453, 2459, 3252, 2101, 957, 2110, 3460, 3259, 3562, 2961, 1564, 1267, 1415, 2578, 3579, 3354, 2628, 3626, 3682, 2259, 96, 760, 3277, 3515, 1809, 2247, 227, 1154, 3390, 1705, 1312, 140, 2757, 2361, 2209, 1519, 3178, 3409, 1942, 2649, 2658, 1070, 2700, 2061, 2293, 2587, 1013, 2011, 2281, 1478, 1504, 3328, 0]
Route #42: [0, 615, 402, 1173, 1345, 3413, 2302, 3923, 164, 214, 265, 339, 1667, 3940, 548, 2275, 3248, 1043, 40, 1707, 172, 3859, 2462, 1377, 3565, 2334, 1007, 2260, 2274, 2661, 2073, 613, 3109, 476, 196, 1472, 1857, 520, 3054, 2503, 1847, 3290, 3431, 2264, 3611, 1274, 118, 2569, 2631, 594, 3180, 2394, 1317, 3224, 1897, 584, 805, 1542, 3558, 2630, 1288, 2018, 1292, 642, 3970, 2256, 1747, 368, 3939, 148, 1604, 2078, 1465, 833, 2707, 768, 1923, 2726, 626, 334, 705, 2821, 1928, 1451, 968, 2741, 2950, 2258, 1670, 640, 44, 126, 3935, 2653, 3271, 2085, 0]
Route #43: [0, 2075, 3011, 2488, 3029, 921, 2422, 1021, 2048, 1772, 2058, 3028, 2310, 1858, 923, 1163, 1795, 3600, 3148, 3251, 37, 2779, 2446, 3146, 408, 3929, 2817, 1075, 3777, 1501, 1319, 755, 1243, 396, 2010, 3877, 1817, 1022, 3851, 1838, 3258, 2313, 623, 3379, 2536, 1065, 3352, 3759, 144, 685, 1291, 2793, 3408, 1422, 3658, 3383, 829, 2539, 3963, 3313, 3978, 3389, 3314, 2276, 1113, 832, 2729, 660, 3789, 1167, 3991, 597, 103, 363, 1515, 1091, 2269, 2896, 2768, 2837, 3888, 2460, 3883, 980, 3572, 3983, 600, 885, 3832, 1044, 3495, 0]
Route #44: [0, 4, 243, 3232, 1328, 717, 2469, 3256, 500, 1372, 2770, 737, 1632, 3405, 1608, 2637, 3919, 207, 2386, 682, 1806, 3487, 2147, 3503, 2076, 2133, 2083, 2769, 2490, 3996, 1945, 2374, 1660, 2636, 695, 2699, 2720, 3369, 786, 151, 3796, 3102, 2520, 1869, 1268, 656, 160, 2781, 2491, 397, 2239, 1311, 390, 2357, 3581, 2409, 3802, 1896, 731, 2461, 101, 1082, 248, 3476, 86, 3437, 3507, 288, 1755, 1220, 155, 2524, 39, 3995, 3617, 333, 1010, 3936, 3810, 1016, 3913, 3706, 3233, 2964, 1756, 186, 404, 3043, 1137, 2128, 3992, 0]
Route #45: [0, 3824, 2525, 1140, 1739, 710, 219, 3365, 2119, 2204, 3372, 460, 3226, 162, 62, 2129, 2102, 1412, 622, 2314, 361, 3192, 3994, 541, 827, 2864, 2809, 149, 22, 329, 3751, 3176, 611, 849, 2156, 3096, 3010, 757, 2062, 1987, 2703, 1299, 2169, 3038, 3100, 769, 1300, 604, 3984, 295, 3898, 570, 1972, 3774, 1128, 654, 3241, 1364, 2679, 2301, 3283, 1591, 1109, 2878, 2897, 441, 948, 1009, 1985, 1168, 2941, 436, 2527, 2261, 2944, 1898, 223, 1381, 2191, 3428, 712, 653, 1903, 1694, 2670, 1935, 479, 543, 1758, 304, 3827, 2511, 507, 0]
Route #46: [0, 975, 2396, 3388, 3436, 2872, 1375, 112, 2957, 1101, 1488, 2795, 2612, 2484, 3975, 2775, 444, 2546, 1929, 3225, 2840, 222, 2794, 3459, 468, 491, 3896, 2867, 2164, 3715, 697, 0]
Cost: 137389
Wall Time: 1287.3880109786987
CPU Time: 1286.0946079999999
