Route #1: [0, 48, 210, 111, 843, 253, 837, 500, 80, 131, 240, 226, 163, 4, 83, 571, 36, 512, 129, 278, 629, 141, 771, 196, 701, 673, 0]
Route #2: [0, 370, 824, 869, 388, 472, 187, 634, 295, 595, 737, 566, 637, 81, 437, 277, 558, 31, 238, 783, 447, 232, 0]
Route #3: [0, 756, 272, 150, 343, 368, 223, 590, 334, 130, 64, 258, 552, 517, 899, 819, 214, 50, 792, 591, 0]
Route #4: [0, 96, 17, 300, 683, 713, 873, 601, 488, 140, 779, 808, 167, 749, 42, 557, 446, 814, 144, 703, 840, 761, 208, 250, 40, 816, 565, 432, 0]
Route #5: [0, 242, 363, 105, 528, 116, 349, 77, 112, 594, 365, 822, 152, 881, 778, 460, 695, 305, 366, 897, 692, 865, 416, 0]
Route #6: [0, 455, 688, 254, 137, 266, 175, 748, 481, 274, 804, 641, 845, 850, 174, 614, 451, 541, 115, 445, 418, 879, 613, 0]
Route #7: [0, 336, 304, 186, 752, 133, 18, 694, 545, 670, 499, 716, 461, 312, 769, 496, 882, 786, 564, 444, 0]
Route #8: [0, 353, 715, 142, 559, 735, 492, 730, 453, 346, 508, 836, 854, 810, 598, 125, 82, 138, 302, 686, 742, 839, 0]
Route #9: [0, 844, 891, 400, 376, 268, 584, 640, 177, 381, 806, 97, 736, 516, 16, 3, 672, 877, 160, 276, 419, 509, 0]
Route #10: [0, 555, 809, 747, 275, 380, 282, 303, 789, 14, 721, 294, 745, 815, 560, 770, 289, 379, 556, 574, 162, 255, 348, 213, 316, 101, 656, 0]
Route #11: [0, 652, 247, 113, 757, 630, 389, 327, 178, 176, 731, 39, 421, 244, 249, 189, 887, 485, 382, 362, 34, 872, 674, 0]
Route #12: [0, 479, 222, 168, 625, 68, 650, 861, 666, 347, 345, 648, 685, 827, 790, 324, 423, 280, 0]
Route #13: [0, 146, 218, 534, 410, 588, 661, 533, 507, 714, 596, 203, 603, 243, 538, 573, 834, 373, 547, 372, 632, 0]
Route #14: [0, 868, 466, 482, 406, 785, 475, 153, 857, 23, 602, 321, 128, 151, 415, 85, 45, 145, 225, 37, 817, 350, 471, 0]
Route #15: [0, 248, 871, 118, 317, 554, 544, 687, 287, 719, 202, 126, 702, 486, 38, 754, 344, 392, 342, 87, 0]
Route #16: [0, 798, 811, 52, 608, 645, 469, 733, 753, 193, 121, 47, 530, 90, 191, 207, 858, 293, 655, 0]
Route #17: [0, 212, 170, 424, 171, 812, 114, 462, 51, 671, 750, 898, 296, 288, 361, 726, 12, 20, 88, 123, 425, 0]
Route #18: [0, 264, 383, 252, 124, 408, 391, 764, 766, 306, 524, 89, 339, 22, 149, 161, 259, 680, 826, 328, 27, 122, 788, 581, 0]
Route #19: [0, 135, 55, 319, 550, 73, 433, 86, 628, 531, 618, 169, 501, 233, 491, 658, 568, 271, 314, 107, 667, 0]
Route #20: [0, 227, 79, 572, 599, 483, 523, 194, 706, 329, 26, 188, 722, 660, 147, 450, 166, 526, 888, 355, 231, 515, 291, 132, 209, 0]
Route #21: [0, 781, 575, 44, 464, 66, 452, 297, 657, 611, 535, 228, 765, 215, 422, 54, 358, 653, 635, 693, 430, 617, 173, 490, 681, 0]
Route #22: [0, 518, 664, 900, 267, 409, 833, 511, 60, 624, 772, 710, 893, 847, 676, 374, 407, 841, 862, 0]
Route #23: [0, 24, 762, 513, 700, 592, 190, 799, 158, 728, 431, 831, 505, 377, 337, 665, 58, 521, 320, 35, 767, 93, 835, 0]
Route #24: [0, 435, 375, 823, 265, 642, 463, 71, 755, 200, 309, 746, 386, 21, 183, 204, 718, 675, 323, 636, 219, 245, 434, 41, 357, 78, 63, 292, 0]
Route #25: [0, 662, 394, 489, 459, 760, 458, 315, 95, 395, 644, 717, 429, 704, 127, 398, 585, 690, 19, 724, 0]
Route #26: [0, 791, 553, 57, 623, 787, 9, 569, 84, 260, 441, 649, 487, 842, 221, 468, 604, 597, 331, 261, 678, 744, 577, 725, 820, 156, 0]
Route #27: [0, 539, 741, 236, 269, 519, 646, 59, 729, 612, 103, 803, 727, 359, 28, 880, 889, 776, 707, 0]
Route #28: [0, 157, 878, 217, 181, 514, 220, 712, 49, 76, 684, 69, 311, 65, 241, 821, 633, 279, 875, 896, 307, 0]
Route #29: [0, 139, 600, 465, 197, 853, 867, 542, 263, 436, 818, 874, 251, 229, 807, 332, 298, 494, 711, 427, 136, 286, 504, 626, 117, 29, 285, 0]
Route #30: [0, 7, 470, 668, 593, 182, 525, 338, 775, 399, 723, 605, 325, 732, 420, 894, 886, 758, 763, 143, 330, 0]
Route #31: [0, 262, 866, 696, 551, 740, 583, 743, 56, 352, 402, 621, 563, 155, 580, 235, 256, 322, 522, 448, 340, 284, 478, 0]
Route #32: [0, 457, 805, 33, 828, 885, 356, 467, 851, 198, 335, 620, 773, 99, 520, 270, 813, 549, 299, 364, 562, 838, 0]
Route #33: [0, 120, 179, 165, 30, 404, 75, 768, 180, 705, 802, 852, 172, 154, 61, 659, 846, 795, 884, 5, 567, 0]
Route #34: [0, 537, 529, 607, 246, 622, 738, 25, 414, 474, 796, 510, 108, 6, 230, 390, 440, 663, 480, 442, 784, 185, 774, 477, 405, 0]
Route #35: [0, 860, 793, 734, 859, 43, 548, 396, 74, 849, 351, 234, 283, 454, 864, 780, 110, 211, 192, 341, 237, 493, 476, 0]
Route #36: [0, 616, 281, 290, 134, 438, 308, 698, 369, 536, 639, 449, 800, 428, 326, 502, 92, 589, 697, 532, 411, 403, 643, 870, 0]
Route #37: [0, 576, 777, 739, 720, 216, 619, 385, 615, 503, 679, 72, 159, 224, 417, 848, 587, 1, 313, 0]
Route #38: [0, 570, 426, 94, 895, 647, 759, 863, 654, 631, 393, 318, 691, 825, 301, 13, 709, 561, 627, 495, 413, 578, 498, 543, 0]
Route #39: [0, 205, 497, 310, 876, 354, 638, 2, 527, 610, 506, 546, 371, 184, 164, 201, 104, 10, 46, 540, 106, 484, 829, 102, 832, 699, 0]
Route #40: [0, 100, 98, 70, 109, 443, 367, 609, 401, 582, 67, 91, 53, 606, 62, 360, 677, 586, 11, 412, 801, 579, 0]
Route #41: [0, 830, 890, 32, 856, 387, 782, 892, 751, 651, 206, 239, 333, 378, 473, 119, 148, 439, 195, 669, 682, 273, 0]
Route #42: [0, 794, 15, 708, 883, 257, 397, 797, 384, 8, 689, 855, 456, 199, 0]
Cost: 34909
Wall Time: 15.203127145767212
CPU Time: 15.197763
