Route #1: [0, 551, 320, 209, 194, 260, 50, 11, 499, 515, 543, 494, 220, 32, 561, 0]
Route #2: [0, 275, 154, 228, 346, 335, 33, 299, 112, 214, 562, 431, 698, 380, 0]
Route #3: [0, 76, 98, 641, 309, 668, 659, 160, 374, 692, 615, 528, 0]
Route #4: [0, 3, 231, 229, 109, 68, 268, 174, 202, 614, 25, 684, 631, 0]
Route #5: [0, 477, 67, 294, 282, 148, 437, 324, 552, 115, 387, 388, 635, 0]
Route #6: [0, 107, 28, 221, 310, 47, 163, 19, 270, 185, 130, 313, 0]
Route #7: [0, 354, 223, 121, 139, 520, 161, 272, 162, 57, 558, 292, 222, 146, 26, 0]
Route #8: [0, 196, 266, 657, 321, 503, 61, 82, 495, 545, 683, 247, 0]
Route #9: [0, 673, 582, 132, 443, 433, 410, 356, 656, 426, 238, 0]
Route #10: [0, 450, 123, 459, 180, 92, 251, 96, 17, 10, 521, 0]
Route #11: [0, 211, 344, 15, 597, 198, 280, 327, 9, 175, 314, 288, 566, 149, 0]
Route #12: [0, 208, 422, 401, 60, 376, 685, 39, 141, 65, 569, 210, 0]
Route #13: [0, 607, 165, 451, 669, 629, 311, 502, 276, 488, 616, 16, 53, 576, 670, 0]
Route #14: [0, 287, 296, 331, 164, 458, 586, 461, 307, 369, 13, 170, 540, 34, 0]
Route #15: [0, 64, 630, 88, 27, 283, 118, 399, 475, 534, 460, 0]
Route #16: [0, 267, 638, 124, 117, 348, 259, 226, 254, 418, 201, 536, 624, 0]
Route #17: [0, 423, 396, 120, 664, 523, 509, 261, 135, 286, 439, 417, 0]
Route #18: [0, 173, 555, 108, 285, 125, 197, 83, 434, 478, 650, 255, 101, 406, 452, 0]
Route #19: [0, 131, 171, 435, 687, 181, 476, 524, 409, 52, 177, 602, 54, 408, 0]
Route #20: [0, 24, 22, 246, 110, 43, 695, 102, 508, 511, 378, 512, 0]
Route #21: [0, 587, 694, 610, 79, 41, 84, 216, 81, 530, 336, 416, 156, 0]
Route #22: [0, 103, 438, 372, 104, 419, 264, 36, 332, 242, 302, 371, 404, 649, 0]
Route #23: [0, 675, 49, 486, 550, 159, 134, 319, 100, 564, 548, 0]
Route #24: [0, 510, 111, 469, 301, 38, 604, 305, 658, 618, 498, 136, 471, 0]
Route #25: [0, 167, 626, 45, 78, 603, 219, 505, 646, 633, 645, 601, 133, 245, 689, 0]
Route #26: [0, 482, 442, 672, 63, 62, 479, 393, 391, 99, 0]
Route #27: [0, 279, 353, 14, 21, 258, 544, 293, 492, 203, 290, 0]
Route #28: [0, 168, 315, 678, 74, 56, 144, 556, 1, 518, 395, 269, 73, 0]
Route #29: [0, 588, 274, 573, 323, 463, 674, 281, 128, 114, 295, 176, 0]
Route #30: [0, 75, 172, 364, 90, 106, 407, 145, 652, 384, 58, 363, 589, 444, 0]
Route #31: [0, 116, 696, 207, 20, 95, 612, 169, 349, 385, 333, 0]
Route #32: [0, 204, 91, 341, 632, 525, 244, 427, 413, 529, 595, 0]
Route #33: [0, 257, 542, 227, 153, 152, 549, 575, 179, 491, 0]
Route #34: [0, 241, 77, 571, 29, 593, 366, 362, 243, 326, 143, 200, 0]
Route #35: [0, 18, 342, 480, 298, 126, 94, 425, 12, 379, 256, 312, 639, 0]
Route #36: [0, 688, 66, 383, 565, 643, 8, 667, 541, 490, 517, 392, 0]
Route #37: [0, 89, 215, 412, 428, 155, 278, 539, 654, 4, 537, 644, 0]
Route #38: [0, 375, 415, 609, 455, 456, 357, 386, 55, 205, 397, 381, 304, 0]
Route #39: [0, 516, 585, 157, 308, 671, 448, 355, 487, 651, 440, 137, 501, 598, 0]
Route #40: [0, 620, 400, 622, 474, 182, 611, 188, 0]
Route #41: [0, 655, 496, 430, 347, 262, 436, 485, 619, 233, 0]
Route #42: [0, 70, 538, 663, 86, 568, 166, 605, 567, 0]
Route #43: [0, 303, 606, 390, 621, 97, 265, 322, 382, 0]
Route #44: [0, 122, 178, 661, 190, 338, 446, 578, 151, 206, 358, 193, 184, 627, 0]
Route #45: [0, 493, 129, 457, 441, 424, 504, 271, 48, 291, 507, 345, 0]
Route #46: [0, 594, 46, 368, 329, 337, 277, 365, 142, 318, 613, 583, 0]
Route #47: [0, 360, 330, 339, 676, 42, 234, 317, 150, 402, 23, 700, 414, 637, 0]
Route #48: [0, 72, 465, 660, 411, 467, 235, 69, 640, 0]
Route #49: [0, 421, 377, 553, 253, 519, 249, 466, 447, 0]
Route #50: [0, 191, 531, 217, 420, 297, 212, 574, 570, 189, 0]
Route #51: [0, 572, 468, 581, 306, 682, 636, 240, 686, 472, 0]
Route #52: [0, 580, 681, 600, 547, 462, 105, 596, 559, 352, 625, 0]
Route #53: [0, 195, 579, 483, 113, 37, 608, 497, 699, 140, 225, 370, 51, 0]
Route #54: [0, 328, 85, 405, 373, 665, 236, 647, 679, 634, 0]
Route #55: [0, 532, 481, 526, 577, 653, 514, 697, 350, 6, 343, 138, 506, 0]
Route #56: [0, 2, 239, 325, 237, 224, 454, 187, 340, 93, 513, 584, 0]
Route #57: [0, 677, 535, 119, 560, 59, 623, 533, 250, 232, 0]
Route #58: [0, 527, 316, 690, 367, 693, 563, 592, 31, 554, 445, 0]
Route #59: [0, 680, 30, 158, 617, 389, 500, 398, 127, 147, 591, 0]
Route #60: [0, 642, 218, 522, 666, 351, 470, 44, 5, 359, 213, 0]
Route #61: [0, 546, 199, 484, 449, 394, 648, 80, 662, 192, 599, 0]
Route #62: [0, 252, 429, 628, 87, 263, 284, 183, 691, 590, 300, 186, 0]
Route #63: [0, 557, 432, 464, 489, 248, 40, 7, 361, 453, 273, 473, 0]
Route #64: [0, 35, 403, 71, 334, 230, 289, 0]
Cost: 47666
Wall Time: 7.1509690284729
CPU Time: 7.146705
