Route #1: [0, 658, 408, 698, 664, 768, 662, 335, 873, 18, 930, 350, 601, 260, 12, 532, 978, 908, 13, 522, 742, 55, 230, 179, 0]
Route #2: [0, 819, 801, 234, 236, 836, 300, 321, 485, 723, 316, 354, 433, 187, 237, 816, 822, 921, 736, 457, 903, 766, 958, 505, 988, 0]
Route #3: [0, 748, 876, 515, 540, 565, 345, 937, 343, 198, 875, 177, 25, 28, 92, 680, 794, 231, 865, 320, 735, 301, 660, 611, 538, 0]
Route #4: [0, 44, 369, 852, 214, 151, 935, 900, 524, 844, 789, 372, 955, 483, 110, 806, 557, 115, 537, 507, 656, 145, 203, 119, 424, 0]
Route #5: [0, 469, 8, 98, 632, 107, 549, 325, 562, 120, 683, 913, 954, 894, 737, 479, 690, 307, 788, 429, 697, 773, 190, 0]
Route #6: [0, 80, 132, 533, 570, 600, 931, 491, 293, 48, 245, 767, 407, 240, 839, 710, 220, 282, 74, 707, 722, 123, 775, 86, 42, 945, 0]
Route #7: [0, 141, 804, 702, 15, 361, 9, 501, 972, 650, 289, 298, 104, 825, 322, 284, 638, 590, 637, 68, 357, 0]
Route #8: [0, 915, 571, 607, 643, 143, 167, 817, 694, 905, 619, 818, 64, 998, 542, 487, 734, 150, 934, 146, 870, 826, 96, 355, 634, 802, 0]
Route #9: [0, 964, 783, 755, 444, 484, 168, 88, 58, 85, 62, 367, 243, 330, 652, 374, 142, 535, 918, 929, 800, 759, 202, 303, 340, 0]
Route #10: [0, 993, 753, 21, 899, 919, 274, 207, 453, 805, 414, 720, 464, 409, 953, 411, 554, 688, 605, 455, 172, 585, 468, 597, 0]
Route #11: [0, 588, 41, 406, 346, 402, 197, 211, 840, 494, 792, 808, 884, 31, 502, 578, 509, 279, 728, 89, 294, 22, 297, 561, 969, 0]
Route #12: [0, 492, 528, 499, 648, 719, 27, 868, 416, 740, 531, 595, 837, 16, 436, 129, 630, 364, 222, 523, 994, 437, 568, 947, 399, 228, 0]
Route #13: [0, 94, 944, 942, 186, 417, 724, 980, 133, 283, 812, 201, 508, 45, 306, 248, 266, 604, 356, 386, 938, 774, 431, 206, 29, 992, 778, 0]
Route #14: [0, 784, 867, 328, 490, 377, 463, 157, 809, 803, 24, 845, 112, 916, 914, 63, 695, 164, 84, 56, 352, 757, 498, 0]
Route #15: [0, 956, 489, 957, 139, 10, 863, 134, 771, 270, 897, 506, 620, 830, 99, 983, 318, 513, 486, 458, 67, 0]
Route #16: [0, 93, 413, 786, 622, 149, 394, 456, 701, 238, 422, 135, 906, 831, 427, 229, 495, 586, 882, 60, 866, 904, 0]
Route #17: [0, 440, 194, 952, 280, 927, 739, 583, 640, 547, 655, 850, 337, 103, 596, 708, 663, 265, 261, 171, 52, 262, 752, 727, 246, 925, 392, 0]
Route #18: [0, 101, 984, 452, 277, 861, 898, 871, 290, 467, 754, 59, 592, 384, 153, 255, 751, 842, 130, 53, 949, 114, 213, 221, 396, 706, 0]
Route #19: [0, 815, 959, 242, 204, 140, 81, 313, 218, 192, 573, 782, 269, 309, 943, 488, 744, 864, 824, 807, 750, 636, 100, 155, 156, 182, 170, 0]
Route #20: [0, 460, 219, 703, 745, 379, 116, 966, 400, 633, 582, 974, 71, 39, 390, 693, 49, 441, 760, 446, 474, 61, 765, 709, 534, 639, 11, 0]
Route #21: [0, 642, 518, 874, 982, 445, 713, 932, 880, 7, 624, 376, 676, 510, 196, 163, 176, 472, 552, 678, 332, 902, 587, 382, 858, 40, 0]
Route #22: [0, 122, 183, 37, 725, 941, 936, 796, 627, 567, 180, 747, 889, 933, 733, 160, 928, 843, 981, 781, 442, 923, 310, 939, 72, 263, 259, 0]
Route #23: [0, 635, 614, 148, 872, 347, 661, 846, 215, 516, 465, 686, 644, 363, 373, 334, 342, 770, 832, 758, 254, 862, 589, 241, 473, 0]
Route #24: [0, 175, 762, 811, 459, 481, 673, 14, 165, 613, 412, 594, 968, 33, 572, 558, 732, 834, 304, 1, 854, 375, 51, 244, 359, 857, 0]
Route #25: [0, 360, 366, 267, 653, 125, 403, 665, 349, 341, 827, 621, 205, 223, 70, 699, 946, 705, 579, 975, 476, 828, 820, 344, 158, 385, 421, 278, 430, 0]
Route #26: [0, 462, 5, 606, 398, 199, 109, 948, 315, 461, 124, 887, 174, 250, 911, 258, 102, 154, 371, 856, 657, 970, 838, 475, 138, 790, 311, 217, 365, 0]
Route #27: [0, 397, 82, 593, 443, 731, 188, 659, 378, 892, 43, 247, 625, 668, 853, 672, 962, 256, 859, 581, 227, 785, 480, 0]
Route #28: [0, 793, 553, 519, 841, 57, 339, 73, 536, 147, 368, 19, 420, 381, 449, 470, 477, 36, 997, 610, 338, 967, 848, 275, 769, 0]
Route #29: [0, 879, 418, 797, 299, 358, 439, 144, 545, 391, 291, 960, 210, 514, 434, 312, 1000, 200, 90, 118, 428, 159, 989, 0]
Route #30: [0, 671, 617, 108, 712, 23, 209, 38, 603, 525, 395, 564, 451, 517, 670, 761, 471, 645, 95, 965, 799, 450, 232, 308, 0]
Route #31: [0, 738, 647, 990, 833, 305, 438, 353, 730, 917, 432, 75, 608, 885, 152, 370, 646, 78, 212, 249, 704, 888, 814, 520, 0]
Route #32: [0, 616, 717, 273, 425, 128, 327, 302, 500, 65, 681, 251, 907, 548, 685, 569, 609, 684, 602, 746, 940, 920, 860, 387, 26, 0]
Route #33: [0, 105, 560, 195, 881, 696, 623, 351, 287, 689, 780, 362, 181, 541, 566, 580, 987, 591, 47, 0]
Route #34: [0, 526, 821, 574, 285, 317, 909, 111, 677, 419, 288, 493, 855, 626, 329, 34, 776, 714, 2, 979, 649, 324, 191, 851, 926, 651, 0]
Route #35: [0, 922, 764, 543, 985, 715, 224, 178, 69, 741, 295, 478, 716, 559, 497, 292, 679, 77, 963, 546, 423, 410, 0]
Route #36: [0, 226, 615, 896, 674, 641, 529, 711, 257, 950, 628, 253, 539, 208, 883, 823, 35, 976, 0]
Route #37: [0, 675, 835, 189, 810, 466, 435, 890, 563, 272, 121, 550, 961, 530, 389, 380, 556, 333, 482, 185, 169, 0]
Route #38: [0, 264, 447, 847, 813, 991, 910, 136, 893, 726, 551, 173, 576, 20, 388, 131, 511, 268, 886, 3, 66, 743, 687, 0]
Route #39: [0, 718, 692, 404, 869, 777, 393, 682, 667, 83, 286, 654, 795, 721, 544, 912, 448, 331, 973, 756, 629, 91, 296, 50, 999, 454, 32, 6, 895, 0]
Route #40: [0, 54, 779, 216, 599, 555, 901, 729, 787, 126, 383, 977, 669, 749, 415, 233, 225, 612, 891, 106, 281, 986, 4, 276, 791, 184, 951, 137, 127, 323, 763, 0]
Route #41: [0, 575, 924, 87, 995, 405, 971, 117, 17, 79, 76, 772, 113, 798, 314, 30, 252, 426, 700, 319, 0]
Route #42: [0, 598, 512, 401, 877, 239, 348, 829, 691, 46, 496, 527, 504, 503, 161, 577, 521, 996, 166, 193, 336, 235, 584, 162, 0]
Route #43: [0, 849, 326, 618, 878, 631, 666, 271, 97, 0]
Cost: 88177
Wall Time: 20.358397960662842
CPU Time: 20.345868
