Route #1: [0, 32, 24, 46, 35, 15, 95, 73, 64, 7, 0]
Route #2: [0, 79, 30, 85, 11, 81, 34, 87, 0]
Route #3: [0, 50, 19, 97, 71, 89, 47, 29, 0]
Route #4: [0, 23, 61, 38, 26, 0]
Route #5: [0, 5, 22, 41, 76, 65, 57, 0]
Route #6: [0, 21, 100, 27, 98, 0]
Route #7: [0, 12, 58, 44, 43, 0]
Route #8: [0, 31, 53, 45, 0]
Route #9: [0, 75, 93, 33, 0]
Route #10: [0, 80, 17, 56, 0]
Route #11: [0, 8, 94, 96, 0]
Route #12: [0, 20, 1, 86, 69, 0]
Route #13: [0, 40, 3, 59, 88, 0]
Route #14: [0, 91, 52, 62, 0]
Route #15: [0, 18, 4, 39, 14, 0]
Route #16: [0, 77, 67, 72, 0]
Route #17: [0, 63, 28, 82, 0]
Route #18: [0, 60, 48, 78, 0]
Route #19: [0, 25, 10, 2, 0]
Route #20: [0, 66, 84, 90, 68, 0]
Route #21: [0, 42, 36, 0]
Route #22: [0, 83, 51, 0]
Route #23: [0, 54, 92, 9, 0]
Route #24: [0, 13, 70, 49, 0]
Route #25: [0, 6, 37, 74, 0]
Route #26: [0, 99, 55, 0]
Route #27: [0, 16, 0]
Cost: 40818
Wall Time: 0.03892397880554199
CPU Time: 0.038924
