Route #1: [0, 574, 324, 138, 174, 377, 446, 204, 0]
Route #2: [0, 313, 448, 365, 120, 182, 373, 430, 0]
Route #3: [0, 445, 156, 508, 133, 357, 52, 0]
Route #4: [0, 335, 545, 567, 442, 475, 95, 0]
Route #5: [0, 382, 471, 333, 100, 175, 102, 0]
Route #6: [0, 500, 594, 137, 118, 318, 535, 0]
Route #7: [0, 562, 321, 553, 404, 389, 0]
Route #8: [0, 544, 38, 288, 69, 441, 184, 0]
Route #9: [0, 466, 315, 5, 346, 585, 222, 0]
Route #10: [0, 570, 290, 305, 9, 135, 455, 0]
Route #11: [0, 453, 512, 226, 213, 232, 8, 447, 0]
Route #12: [0, 506, 291, 542, 503, 530, 247, 0]
Route #13: [0, 198, 589, 78, 505, 115, 294, 0]
Route #14: [0, 24, 31, 405, 344, 94, 307, 356, 0]
Route #15: [0, 173, 396, 39, 15, 525, 560, 0]
Route #16: [0, 394, 582, 66, 424, 259, 160, 0]
Route #17: [0, 271, 177, 275, 202, 554, 483, 0]
Route #18: [0, 300, 478, 199, 43, 549, 159, 0]
Route #19: [0, 112, 121, 107, 225, 479, 88, 587, 0]
Route #20: [0, 189, 383, 53, 393, 178, 208, 0]
Route #21: [0, 146, 517, 123, 289, 326, 579, 0]
Route #22: [0, 12, 440, 96, 519, 21, 473, 0]
Route #23: [0, 266, 99, 322, 449, 595, 323, 494, 0]
Route #24: [0, 241, 450, 279, 303, 296, 242, 493, 0]
Route #25: [0, 371, 249, 470, 219, 410, 379, 0]
Route #26: [0, 583, 332, 480, 71, 245, 111, 0]
Route #27: [0, 195, 522, 436, 220, 403, 309, 0]
Route #28: [0, 20, 22, 44, 108, 531, 166, 509, 0]
Route #29: [0, 13, 250, 351, 142, 496, 308, 0]
Route #30: [0, 273, 495, 457, 227, 32, 420, 0]
Route #31: [0, 375, 211, 218, 131, 504, 541, 374, 0]
Route #32: [0, 26, 302, 540, 572, 444, 0]
Route #33: [0, 28, 248, 274, 397, 360, 593, 0]
Route #34: [0, 571, 216, 196, 361, 229, 329, 0]
Route #35: [0, 180, 269, 363, 416, 339, 414, 276, 0]
Route #36: [0, 557, 491, 564, 498, 277, 148, 524, 0]
Route #37: [0, 591, 163, 526, 568, 381, 170, 0]
Route #38: [0, 369, 64, 392, 63, 48, 380, 0]
Route #39: [0, 546, 19, 293, 116, 548, 47, 158, 0]
Route #40: [0, 70, 261, 578, 37, 4, 80, 0]
Route #41: [0, 345, 559, 270, 534, 511, 573, 469, 0]
Route #42: [0, 319, 139, 539, 150, 203, 186, 385, 0]
Route #43: [0, 253, 400, 125, 126, 281, 386, 0]
Route #44: [0, 434, 74, 370, 482, 82, 592, 0]
Route #45: [0, 597, 54, 514, 45, 76, 355, 372, 0]
Route #46: [0, 231, 124, 25, 502, 485, 461, 0]
Route #47: [0, 460, 558, 214, 35, 432, 488, 0]
Route #48: [0, 169, 418, 378, 283, 523, 167, 0]
Route #49: [0, 563, 551, 65, 6, 205, 152, 0]
Route #50: [0, 40, 497, 527, 141, 60, 0]
Route #51: [0, 154, 221, 144, 354, 105, 193, 0]
Route #52: [0, 328, 598, 306, 217, 366, 62, 176, 0]
Route #53: [0, 486, 258, 413, 443, 349, 581, 0]
Route #54: [0, 401, 359, 419, 223, 536, 85, 320, 0]
Route #55: [0, 10, 59, 462, 459, 55, 336, 0]
Route #56: [0, 399, 588, 224, 117, 215, 185, 0]
Route #57: [0, 46, 350, 183, 285, 143, 171, 0]
Route #58: [0, 97, 340, 342, 456, 492, 187, 437, 0]
Route #59: [0, 468, 334, 499, 490, 68, 153, 0]
Route #60: [0, 262, 49, 584, 411, 106, 206, 0]
Route #61: [0, 251, 398, 552, 197, 472, 325, 113, 0]
Route #62: [0, 14, 515, 387, 364, 77, 529, 0]
Route #63: [0, 92, 130, 162, 353, 257, 556, 0]
Route #64: [0, 376, 421, 157, 439, 237, 487, 0]
Route #65: [0, 429, 192, 1, 520, 194, 114, 431, 0]
Route #66: [0, 41, 239, 537, 84, 464, 50, 0]
Route #67: [0, 11, 149, 409, 561, 297, 402, 0]
Route #68: [0, 463, 17, 388, 590, 90, 391, 577, 0]
Route #69: [0, 244, 474, 212, 575, 341, 267, 337, 0]
Route #70: [0, 165, 61, 109, 426, 264, 246, 254, 0]
Route #71: [0, 278, 155, 298, 395, 145, 79, 316, 0]
Route #72: [0, 299, 317, 56, 452, 161, 0]
Route #73: [0, 256, 569, 67, 304, 265, 518, 0]
Route #74: [0, 407, 580, 477, 89, 168, 348, 0]
Route #75: [0, 230, 538, 438, 367, 42, 243, 451, 0]
Route #76: [0, 484, 190, 83, 132, 33, 417, 0]
Route #77: [0, 428, 454, 412, 98, 528, 260, 0]
Route #78: [0, 34, 513, 147, 272, 179, 255, 458, 0]
Route #79: [0, 338, 228, 406, 286, 188, 507, 0]
Route #80: [0, 362, 110, 358, 140, 51, 384, 0]
Route #81: [0, 476, 151, 172, 58, 268, 565, 0]
Route #82: [0, 164, 550, 501, 81, 75, 207, 0]
Route #83: [0, 3, 566, 555, 93, 18, 368, 0]
Route #84: [0, 352, 467, 263, 295, 129, 576, 0]
Route #85: [0, 521, 128, 280, 423, 481, 489, 29, 0]
Route #86: [0, 312, 181, 596, 543, 330, 252, 0]
Route #87: [0, 134, 91, 586, 103, 282, 0]
Route #88: [0, 427, 119, 390, 310, 200, 236, 0]
Route #89: [0, 510, 209, 72, 516, 2, 327, 0]
Route #90: [0, 16, 233, 210, 547, 104, 0]
Route #91: [0, 127, 27, 87, 331, 408, 240, 0]
Route #92: [0, 314, 234, 533, 343, 23, 425, 0]
Route #93: [0, 311, 284, 122, 347, 287, 235, 0]
Route #94: [0, 433, 30, 36, 415, 292, 73, 101, 0]
Route #95: [0, 136, 7, 201, 532, 86, 238, 0]
Route #96: [0, 435, 422, 465, 301, 57, 0]
Route #97: [0, 191, 0]
Cost: 121950
Wall Time: 4.5235888957977295
CPU Time: 4.518228000000001
