Route #1: [0, 355, 104, 210, 456, 102, 528, 462, 163, 87, 55, 164, 76, 59, 527, 133, 0]
Route #2: [0, 235, 91, 267, 278, 241, 552, 64, 461, 523, 284, 429, 135, 438, 345, 512, 0]
Route #3: [0, 483, 365, 114, 418, 357, 554, 13, 328, 361, 378, 532, 521, 0]
Route #4: [0, 268, 222, 354, 126, 174, 473, 317, 137, 79, 146, 508, 435, 341, 167, 0]
Route #5: [0, 145, 447, 113, 229, 392, 303, 2, 546, 362, 61, 182, 263, 197, 157, 551, 0]
Route #6: [0, 173, 203, 103, 29, 363, 54, 72, 312, 47, 199, 161, 366, 269, 128, 177, 169, 0]
Route #7: [0, 200, 176, 467, 156, 223, 70, 100, 407, 245, 388, 396, 503, 316, 14, 381, 372, 220, 0]
Route #8: [0, 352, 422, 468, 31, 469, 27, 99, 550, 17, 165, 463, 67, 170, 0]
Route #9: [0, 535, 393, 520, 434, 123, 73, 459, 332, 129, 192, 265, 391, 262, 153, 115, 0]
Route #10: [0, 56, 272, 209, 19, 21, 194, 160, 168, 48, 186, 69, 198, 371, 208, 151, 489, 239, 559, 0]
Route #11: [0, 8, 90, 292, 298, 251, 250, 403, 51, 30, 257, 124, 538, 495, 387, 0]
Route #12: [0, 261, 348, 541, 52, 180, 515, 346, 254, 450, 121, 138, 398, 22, 276, 334, 0]
Route #13: [0, 410, 274, 416, 339, 556, 464, 383, 289, 318, 93, 472, 490, 226, 0]
Route #14: [0, 42, 205, 240, 217, 98, 84, 466, 63, 136, 325, 501, 260, 213, 0]
Route #15: [0, 218, 287, 502, 331, 338, 162, 301, 249, 158, 171, 23, 46, 0]
Route #16: [0, 247, 120, 499, 83, 290, 400, 246, 457, 291, 309, 340, 409, 342, 184, 0]
Route #17: [0, 351, 321, 293, 130, 441, 376, 553, 524, 437, 374, 519, 26, 555, 452, 49, 344, 0]
Route #18: [0, 89, 314, 336, 465, 140, 536, 230, 390, 320, 529, 150, 154, 179, 202, 0]
Route #19: [0, 38, 242, 221, 175, 50, 34, 224, 266, 190, 183, 215, 131, 0]
Route #20: [0, 62, 445, 389, 139, 294, 333, 280, 117, 479, 428, 323, 476, 66, 0]
Route #21: [0, 395, 244, 53, 78, 470, 474, 343, 460, 506, 302, 453, 379, 380, 419, 549, 119, 0]
Route #22: [0, 449, 424, 211, 326, 300, 288, 285, 296, 513, 327, 405, 335, 148, 258, 28, 0]
Route #23: [0, 377, 480, 101, 402, 206, 539, 356, 436, 108, 74, 231, 0]
Route #24: [0, 3, 494, 275, 497, 404, 43, 60, 219, 196, 500, 6, 107, 0]
Route #25: [0, 228, 152, 259, 526, 71, 411, 455, 311, 458, 149, 557, 481, 0]
Route #26: [0, 504, 471, 319, 105, 216, 543, 368, 375, 491, 178, 40, 542, 282, 444, 0]
Route #27: [0, 44, 337, 360, 353, 33, 364, 534, 488, 425, 386, 475, 347, 496, 0]
Route #28: [0, 88, 132, 68, 18, 214, 16, 65, 45, 270, 322, 110, 273, 492, 315, 439, 0]
Route #29: [0, 313, 399, 96, 544, 516, 451, 448, 373, 310, 232, 517, 0]
Route #30: [0, 433, 277, 36, 185, 11, 227, 37, 166, 172, 533, 134, 560, 195, 0]
Route #31: [0, 308, 7, 415, 414, 349, 306, 41, 286, 420, 382, 401, 477, 540, 367, 0]
Route #32: [0, 20, 307, 518, 350, 283, 324, 77, 537, 426, 111, 514, 423, 370, 0]
Route #33: [0, 413, 212, 24, 189, 253, 525, 329, 233, 1, 264, 442, 507, 446, 248, 0]
Route #34: [0, 4, 9, 236, 116, 191, 193, 92, 125, 255, 12, 141, 85, 0]
Route #35: [0, 238, 256, 369, 385, 358, 454, 427, 112, 412, 509, 482, 511, 188, 237, 207, 281, 0]
Route #36: [0, 304, 498, 295, 394, 558, 58, 187, 397, 431, 522, 75, 0]
Route #37: [0, 86, 271, 505, 10, 118, 80, 204, 143, 201, 252, 144, 159, 127, 297, 0]
Route #38: [0, 443, 485, 530, 421, 440, 299, 109, 32, 94, 57, 0]
Route #39: [0, 5, 95, 155, 82, 279, 142, 181, 122, 430, 406, 0]
Route #40: [0, 493, 384, 408, 548, 486, 97, 531, 359, 225, 484, 81, 35, 0]
Route #41: [0, 234, 243, 147, 106, 478, 15, 510, 305, 330, 417, 25, 545, 0]
Route #42: [0, 39, 547, 487, 432, 0]
Cost: 58779
Wall Time: 3.7472751140594482
CPU Time: 3.743836
