Route #1: [0, 2472, 1269, 1151, 150, 1868, 720, 2369, 710, 2219, 445, 2760, 2378, 2669, 2076, 0]
Route #2: [0, 885, 2588, 979, 2732, 661, 1982, 2170, 1888, 276, 1480, 1773, 1747, 294, 2590, 1991, 1099, 2069, 2072, 2730, 0]
Route #3: [0, 274, 949, 880, 1338, 460, 841, 2438, 2441, 1450, 755, 2060, 217, 1803, 1071, 0]
Route #4: [0, 984, 1980, 1025, 625, 178, 828, 742, 1610, 2089, 2347, 1864, 1434, 674, 1881, 939, 0]
Route #5: [0, 2126, 776, 258, 1838, 88, 483, 1655, 1253, 646, 2019, 723, 966, 761, 666, 1467, 0]
Route #6: [0, 1779, 2688, 2095, 746, 2161, 1742, 75, 1226, 406, 1732, 1137, 423, 390, 160, 840, 168, 0]
Route #7: [0, 2700, 1290, 1602, 697, 2955, 1817, 20, 2514, 1825, 2915, 1768, 167, 2437, 309, 687, 2656, 0]
Route #8: [0, 2997, 2081, 1666, 1697, 1714, 957, 1100, 2396, 902, 2535, 77, 2272, 84, 1105, 0]
Route #9: [0, 496, 359, 2407, 1391, 2767, 774, 22, 46, 1870, 766, 2444, 1255, 1539, 2973, 1186, 1274, 0]
Route #10: [0, 1587, 1545, 183, 1456, 279, 2627, 222, 2761, 1024, 760, 1952, 2037, 1876, 1169, 0]
Route #11: [0, 2222, 1917, 1184, 2245, 2517, 1008, 1033, 2612, 155, 1841, 1896, 2910, 548, 0]
Route #12: [0, 1797, 780, 59, 2795, 2995, 1659, 917, 2882, 2580, 2332, 529, 2453, 2075, 2563, 2022, 1023, 2079, 724, 849, 1941, 386, 0]
Route #13: [0, 1346, 908, 967, 2499, 497, 528, 277, 2976, 1763, 510, 709, 2184, 498, 1093, 1845, 0]
Route #14: [0, 1663, 2648, 1113, 1114, 2752, 1262, 1444, 773, 1315, 2615, 108, 333, 1488, 185, 0]
Route #15: [0, 125, 92, 1816, 2685, 1700, 53, 739, 715, 632, 2684, 121, 2673, 1320, 0]
Route #16: [0, 2763, 1361, 1495, 2479, 1324, 1554, 987, 2380, 2210, 2088, 2042, 1163, 1228, 2235, 1097, 527, 473, 0]
Route #17: [0, 2182, 1124, 1014, 637, 2603, 312, 790, 1790, 1636, 2445, 2392, 1892, 1889, 245, 0]
Route #18: [0, 395, 507, 2642, 2389, 218, 2787, 2326, 2020, 1757, 152, 893, 1190, 283, 2459, 1821, 0]
Route #19: [0, 129, 400, 1984, 197, 453, 1, 208, 2268, 2601, 2135, 18, 1507, 2565, 2310, 0]
Route #20: [0, 2619, 2827, 954, 2007, 636, 2218, 1062, 1209, 2056, 1302, 1005, 721, 1815, 0]
Route #21: [0, 2527, 1544, 381, 1197, 2054, 2475, 2297, 1500, 1308, 2946, 2994, 109, 2519, 955, 0]
Route #22: [0, 627, 2654, 2584, 2092, 5, 1762, 2293, 617, 2173, 1263, 2651, 532, 969, 357, 1994, 2426, 2935, 0]
Route #23: [0, 23, 349, 2859, 906, 690, 2264, 2269, 117, 2665, 1095, 1774, 2835, 4, 0]
Route #24: [0, 2965, 1214, 1051, 2538, 2200, 1863, 1823, 1671, 2681, 416, 2521, 56, 1217, 1053, 1009, 2807, 2766, 752, 0]
Route #25: [0, 546, 2947, 375, 2958, 1157, 1804, 90, 441, 797, 2026, 693, 2249, 1013, 157, 0]
Route #26: [0, 347, 1281, 1829, 466, 2629, 2639, 1689, 1645, 554, 2425, 2507, 2788, 1904, 17, 1541, 0]
Route #27: [0, 2473, 2704, 1930, 2335, 236, 1131, 149, 2313, 2652, 426, 732, 194, 1923, 1528, 0]
Route #28: [0, 2421, 2945, 1085, 1517, 1279, 820, 883, 2346, 1075, 231, 2343, 862, 1935, 0]
Route #29: [0, 763, 13, 2154, 2138, 726, 1527, 1915, 983, 138, 1446, 2941, 1724, 2789, 0]
Route #30: [0, 119, 1629, 1696, 2687, 786, 2716, 2954, 2628, 241, 2010, 2710, 2215, 64, 0]
Route #31: [0, 126, 1370, 1524, 1448, 1408, 2165, 2857, 2116, 519, 2417, 383, 2736, 619, 569, 0]
Route #32: [0, 874, 2102, 1627, 2993, 963, 2718, 1871, 484, 2875, 2887, 1885, 2649, 1240, 1550, 0]
Route #33: [0, 2185, 734, 29, 1948, 1756, 2578, 2162, 2772, 2292, 2317, 1947, 250, 1096, 1676, 0]
Route #34: [0, 300, 6, 2328, 2894, 264, 2626, 2758, 1027, 2176, 937, 1384, 1325, 649, 2611, 1435, 0]
Route #35: [0, 1685, 2206, 826, 2644, 360, 472, 658, 868, 16, 2300, 0]
Route #36: [0, 1964, 671, 12, 982, 1920, 1969, 728, 2846, 10, 2505, 1771, 127, 1210, 285, 1247, 0]
Route #37: [0, 1428, 2720, 771, 1117, 2132, 722, 2404, 205, 1513, 1390, 553, 1143, 254, 1914, 1621, 1830, 0]
Route #38: [0, 363, 414, 748, 2004, 620, 2707, 2233, 1644, 556, 1578, 1820, 2057, 1118, 0]
Route #39: [0, 1929, 1125, 2468, 629, 2191, 1617, 1165, 2086, 2840, 1492, 1650, 1231, 2463, 2372, 770, 0]
Route #40: [0, 1451, 2190, 1679, 2544, 2822, 681, 2647, 247, 941, 1810, 512, 341, 992, 1128, 350, 857, 0]
Route #41: [0, 2381, 2015, 2805, 1481, 1314, 1462, 1170, 398, 1741, 159, 2600, 228, 2832, 2539, 2232, 741, 0]
Route #42: [0, 2035, 2558, 2877, 1454, 1580, 1576, 1293, 2087, 2449, 201, 2697, 2336, 2164, 187, 1712, 0]
Route #43: [0, 1514, 549, 477, 397, 927, 1607, 1144, 2455, 769, 598, 735, 936, 2701, 2214, 1551, 0]
Route #44: [0, 2362, 2922, 1333, 2400, 1354, 691, 579, 2977, 2130, 2785, 2274, 1136, 2306, 1049, 1299, 0]
Route #45: [0, 585, 163, 2811, 1387, 1534, 822, 1112, 1138, 2259, 2309, 68, 929, 2194, 2482, 0]
Route #46: [0, 2624, 81, 436, 143, 551, 718, 399, 1107, 867, 378, 1883, 544, 818, 78, 2780, 0]
Route #47: [0, 2457, 1283, 100, 2540, 583, 89, 511, 2552, 1289, 664, 1906, 202, 2886, 2125, 1352, 0]
Route #48: [0, 2012, 2885, 958, 1846, 514, 1201, 1950, 45, 2106, 1092, 783, 2068, 139, 0]
Route #49: [0, 1913, 665, 191, 2854, 214, 252, 2411, 213, 2833, 2610, 2918, 1365, 0]
Route #50: [0, 115, 110, 8, 304, 1867, 2691, 1526, 162, 1091, 695, 605, 784, 787, 74, 2371, 0]
Route #51: [0, 590, 1992, 2327, 698, 2266, 743, 873, 2677, 272, 607, 1349, 608, 2751, 0]
Route #52: [0, 2199, 2998, 443, 1265, 2251, 651, 2902, 148, 2051, 521, 2491, 1248, 367, 704, 0]
Route #53: [0, 2385, 2572, 555, 897, 1703, 2892, 2621, 931, 613, 165, 2250, 915, 852, 2163, 0]
Route #54: [0, 1297, 533, 2168, 2657, 2870, 2357, 1750, 1649, 1158, 2109, 249, 516, 343, 1854, 2240, 912, 0]
Route #55: [0, 1802, 1723, 173, 273, 2532, 321, 729, 631, 269, 454, 1569, 2167, 950, 1721, 740, 0]
Route #56: [0, 1809, 1055, 288, 2373, 2424, 1974, 1523, 1251, 564, 200, 587, 1603, 1614, 0]
Route #57: [0, 2099, 980, 682, 1954, 530, 1089, 1512, 275, 737, 1919, 920, 1081, 303, 934, 667, 1010, 0]
Route #58: [0, 1264, 1211, 2557, 1161, 2631, 1761, 1960, 762, 385, 2773, 2363, 2286, 476, 0]
Route #59: [0, 1139, 1927, 2084, 325, 1121, 976, 1238, 15, 1733, 964, 2699, 2501, 0]
Route #60: [0, 1383, 1433, 2077, 2059, 1317, 1843, 2912, 1722, 2792, 1249, 2838, 1313, 2524, 1045, 833, 0]
Route #61: [0, 2966, 775, 1633, 1072, 1343, 2352, 2399, 147, 1822, 1877, 268, 1533, 2298, 1968, 1416, 1849, 1807, 216, 1070, 0]
Route #62: [0, 227, 1187, 1999, 411, 904, 1476, 543, 1787, 11, 1426, 1180, 404, 2038, 1764, 0]
Route #63: [0, 1413, 1270, 879, 413, 2187, 420, 2841, 211, 847, 344, 751, 2843, 1560, 0]
Route #64: [0, 2511, 430, 48, 2969, 2226, 1414, 2594, 2097, 614, 1801, 1360, 655, 2571, 334, 0]
Route #65: [0, 230, 1851, 1266, 1564, 2916, 2121, 2810, 1715, 1538, 2111, 2305, 265, 232, 1552, 2391, 628, 2987, 1833, 0]
Route #66: [0, 2850, 66, 794, 1713, 408, 866, 1970, 2960, 1272, 1558, 429, 131, 1794, 2386, 0]
Route #67: [0, 1933, 1749, 567, 2014, 894, 2001, 796, 1182, 2818, 1595, 2101, 2112, 1908, 2516, 2741, 0]
Route #68: [0, 2470, 1566, 1832, 80, 298, 488, 1661, 1857, 2551, 2066, 1752, 719, 2645, 0]
Route #69: [0, 358, 2227, 2573, 2834, 1516, 192, 1003, 566, 1957, 2144, 1273, 1951, 2401, 2061, 947, 153, 0]
Route #70: [0, 2526, 2653, 758, 1359, 2815, 2100, 1366, 60, 901, 1202, 2689, 508, 372, 696, 0]
Route #71: [0, 2575, 2285, 1628, 2000, 2845, 1154, 1553, 1574, 282, 3, 2592, 2397, 2213, 1068, 1259, 0]
Route #72: [0, 1599, 924, 1956, 2985, 1042, 352, 1490, 444, 2821, 188, 1985, 2287, 296, 0]
Route #73: [0, 1441, 501, 95, 819, 2350, 576, 2914, 668, 2957, 171, 427, 2844, 679, 410, 290, 0]
Route #74: [0, 2047, 91, 2755, 2349, 811, 1026, 116, 1780, 491, 39, 1505, 1410, 0]
Route #75: [0, 1176, 1701, 2733, 998, 2304, 479, 206, 1656, 1568, 2939, 1218, 2926, 1844, 2614, 335, 1064, 1546, 2224, 0]
Route #76: [0, 1205, 156, 2230, 869, 1898, 2774, 589, 1230, 1684, 2933, 2009, 602, 2738, 2936, 456, 1581, 2750, 369, 913, 2257, 0]
Route #77: [0, 1286, 2547, 1041, 2541, 656, 2082, 2290, 2564, 2895, 1130, 2817, 1826, 535, 578, 2046, 0]
Route #78: [0, 1442, 2694, 2672, 622, 573, 1498, 2316, 1529, 2393, 1372, 2085, 2873, 25, 1938, 789, 0]
Route #79: [0, 219, 2719, 2663, 1567, 2063, 2921, 1491, 1432, 660, 2546, 2786, 2842, 1698, 803, 1353, 1945, 1869, 0]
Route #80: [0, 801, 1221, 1850, 634, 1425, 1615, 577, 392, 1895, 2242, 1291, 2863, 2055, 1357, 377, 474, 1301, 0]
Route #81: [0, 1894, 1738, 1737, 855, 2901, 1981, 961, 1233, 2606, 1699, 759, 1754, 702, 0]
Route #82: [0, 1179, 2244, 2999, 123, 2030, 1778, 70, 2509, 1030, 2179, 846, 172, 1882, 2664, 2728, 2129, 1711, 198, 0]
Route #83: [0, 1686, 1198, 2271, 2956, 1767, 1241, 1751, 2692, 2050, 953, 469, 243, 1090, 611, 996, 0]
Route #84: [0, 2281, 1054, 2646, 1385, 2634, 843, 1631, 1011, 1229, 2582, 591, 2006, 2171, 1409, 87, 0]
Route #85: [0, 73, 2864, 502, 102, 1542, 355, 595, 933, 36, 462, 1591, 140, 2574, 2263, 560, 0]
Route #86: [0, 69, 1690, 2186, 478, 1540, 1340, 505, 2745, 2676, 1740, 1478, 1256, 1146, 0]
Route #87: [0, 2775, 2667, 596, 1439, 256, 2686, 588, 2031, 2490, 892, 1739, 2953, 2488, 971, 1743, 0]
Route #88: [0, 2105, 2262, 1371, 318, 346, 1261, 831, 1282, 767, 1029, 330, 1219, 212, 122, 1104, 1668, 594, 0]
Route #89: [0, 2942, 42, 2757, 914, 616, 1608, 209, 2416, 2959, 1963, 2722, 431, 683, 0]
Route #90: [0, 895, 1012, 403, 1015, 1479, 2888, 1496, 480, 547, 1171, 2502, 2339, 2848, 2506, 1220, 0]
Route #91: [0, 1683, 853, 1019, 911, 98, 1940, 972, 412, 1745, 2419, 1625, 2202, 0]
Route #92: [0, 1115, 239, 2134, 1840, 856, 1962, 2714, 2678, 1755, 376, 756, 601, 67, 2345, 638, 0]
Route #93: [0, 1890, 142, 2023, 2374, 1316, 812, 1394, 34, 916, 730, 105, 1271, 2500, 754, 24, 37, 610, 2280, 0]
Route #94: [0, 1799, 1884, 1800, 653, 2477, 2005, 1246, 396, 1887, 1861, 1028, 2721, 2410, 907, 0]
Route #95: [0, 2484, 2439, 2188, 1243, 1811, 2337, 2731, 1268, 2562, 2746, 1620, 875, 943, 1669, 2979, 0]
Route #96: [0, 1978, 2476, 1972, 581, 2131, 2593, 850, 2141, 2735, 1706, 2254, 1471, 0]
Route #97: [0, 506, 44, 190, 1720, 1421, 1937, 2747, 1036, 1470, 861, 2008, 563, 725, 1348, 43, 1156, 0]
Route #98: [0, 2633, 2017, 1396, 419, 2604, 1880, 1056, 136, 221, 2018, 1573, 2, 2602, 0]
Route #99: [0, 417, 2302, 2341, 1681, 104, 2291, 2781, 2172, 662, 2118, 401, 503, 2799, 624, 2670, 2598, 0]
Route #100: [0, 2467, 1839, 2943, 224, 552, 1087, 2801, 2192, 692, 2480, 795, 486, 65, 1177, 1556, 2338, 0]
Route #101: [0, 2265, 2625, 389, 2024, 1436, 1793, 2808, 1047, 2367, 1086, 405, 1853, 2420, 2294, 314, 1106, 1018, 2876, 0]
Route #102: [0, 2867, 2703, 308, 1133, 952, 1897, 3000, 2485, 520, 2925, 1859, 1611, 1129, 461, 144, 0]
Route #103: [0, 195, 745, 612, 189, 531, 804, 1577, 2080, 1966, 1682, 2570, 1178, 2197, 26, 1998, 1203, 1501, 292, 0]
Route #104: [0, 2058, 1796, 1034, 1455, 888, 777, 2971, 1066, 38, 54, 975, 229, 2839, 2376, 1345, 0]
Route #105: [0, 2668, 2658, 176, 1057, 896, 1295, 1393, 1185, 2823, 2556, 2931, 1775, 1235, 1967, 1782, 2659, 0]
Route #106: [0, 1506, 1734, 1789, 1609, 2650, 439, 348, 835, 58, 2693, 2545, 2283, 2587, 2203, 1939, 0]
Route #107: [0, 1705, 1653, 1618, 714, 805, 1725, 40, 2853, 2110, 2609, 1375, 1842, 428, 0]
Route #108: [0, 2576, 604, 830, 1657, 1419, 1622, 2920, 2616, 1367, 1641, 817, 2450, 1242, 2908, 0]
Route #109: [0, 2361, 568, 706, 1990, 1328, 49, 27, 1736, 132, 449, 368, 1257, 2143, 2208, 2178, 0]
Route #110: [0, 1766, 464, 1149, 2579, 418, 181, 203, 1677, 2322, 379, 523, 1784, 72, 329, 1458, 0]
Route #111: [0, 1646, 492, 779, 1174, 2796, 2342, 1675, 21, 772, 2377, 391, 1494, 2836, 2324, 1084, 582, 1926, 0]
Route #112: [0, 1678, 1380, 332, 2683, 1484, 2379, 177, 1735, 1996, 2793, 2907, 618, 1993, 504, 946, 0]
Route #113: [0, 2448, 2474, 1300, 864, 1726, 225, 9, 361, 1234, 1431, 1135, 0]
Route #114: [0, 1943, 338, 1983, 2183, 642, 2260, 2553, 1893, 1570, 2734, 2471, 2181, 2045, 0]
Route #115: [0, 2928, 1224, 2608, 2680, 1040, 2462, 2065, 2366, 524, 1572, 1153, 960, 7, 315, 1335, 2053, 2949, 0]
Route #116: [0, 1704, 1586, 2312, 2970, 1472, 1858, 373, 2458, 2318, 1132, 2635, 2585, 2613, 1814, 1958, 0]
Route #117: [0, 630, 2702, 493, 2542, 316, 2897, 701, 2581, 164, 1445, 2813, 2706, 659, 1292, 675, 382, 2120, 0]
Route #118: [0, 1123, 259, 1637, 2412, 586, 2108, 1004, 2282, 626, 1748, 2351, 287, 571, 1819, 1017, 1812, 2196, 0]
Route #119: [0, 1765, 522, 1662, 2267, 1856, 2078, 2216, 246, 2512, 1188, 1708, 643, 765, 1510, 489, 2093, 79, 1562, 1536, 1710, 0]
Route #120: [0, 1307, 226, 1928, 2375, 1648, 1946, 2429, 103, 802, 2408, 977, 540, 2937, 1077, 422, 0]
Route #121: [0, 1306, 2270, 962, 2028, 2382, 2041, 220, 1110, 113, 2919, 63, 1639, 1427, 609, 0]
Route #122: [0, 2331, 2016, 1035, 82, 2905, 1525, 2779, 1872, 736, 1351, 2498, 2909, 921, 2325, 793, 0]
Route #123: [0, 459, 2483, 781, 1932, 1874, 2518, 1288, 1195, 2198, 2405, 442, 837, 223, 2636, 2724, 562, 0]
Route #124: [0, 1341, 2153, 1326, 134, 1199, 1916, 2258, 71, 1401, 1670, 1280, 2893, 1362, 0]
Route #125: [0, 2355, 1730, 792, 1193, 2329, 2725, 2422, 1192, 301, 1172, 161, 1931, 1521, 889, 1477, 1691, 2712, 782, 0]
Route #126: [0, 2348, 834, 2027, 175, 909, 257, 2370, 2478, 1466, 2243, 1400, 2044, 1555, 1252, 1000, 0]
Route #127: [0, 2358, 2091, 1695, 1910, 1744, 2301, 615, 863, 1318, 1457, 1777, 1601, 135, 2497, 2768, 342, 0]
Route #128: [0, 2406, 2661, 1059, 1204, 686, 2433, 1412, 1977, 1294, 575, 2423, 2052, 2855, 94, 0]
Route #129: [0, 2522, 1469, 689, 1037, 1879, 1122, 83, 2880, 2632, 959, 2515, 1386, 2231, 2239, 1634, 320, 711, 1167, 0]
Route #130: [0, 1834, 1658, 1605, 990, 1600, 2830, 829, 255, 2698, 1147, 2868, 340, 2852, 584, 306, 542, 451, 0]
Route #131: [0, 1508, 1276, 2906, 1593, 1044, 1709, 1207, 2356, 1588, 2495, 1377, 114, 1606, 2169, 393, 240, 2278, 0]
Route #132: [0, 813, 757, 2430, 2851, 2487, 2800, 1134, 592, 1875, 2124, 677, 1899, 1989, 106, 0]
Route #133: [0, 1583, 1223, 1074, 1903, 2158, 1575, 1924, 1997, 2620, 2984, 1323, 2748, 337, 1258, 0]
Route #134: [0, 1772, 2201, 28, 137, 76, 1073, 2607, 1519, 2489, 2090, 2794, 1200, 1356, 1878, 0]
Route #135: [0, 806, 2220, 1922, 1162, 2523, 293, 1716, 884, 2742, 2469, 2666, 2802, 317, 2414, 1284, 2932, 0]
Route #136: [0, 922, 2874, 323, 1459, 2812, 2951, 974, 1642, 193, 1805, 151, 0]
Route #137: [0, 19, 1866, 1818, 1647, 1002, 899, 2096, 2904, 968, 944, 2675, 1424, 0]
Route #138: [0, 1623, 141, 2753, 485, 1364, 2446, 2209, 1430, 2890, 727, 2849, 733, 169, 302, 1225, 0]
Route #139: [0, 1592, 824, 2929, 1589, 130, 572, 1350, 1312, 2117, 2705, 328, 2299, 1687, 1975, 2395, 1463, 0]
Route #140: [0, 2709, 2569, 1855, 823, 1781, 2520, 926, 1865, 1438, 1499, 570, 705, 1173, 353, 0]
Route #141: [0, 1729, 2756, 2147, 599, 749, 1886, 394, 1415, 2241, 2866, 981, 2534, 0]
Route #142: [0, 2988, 886, 2002, 1959, 2797, 1145, 1616, 1381, 35, 2762, 289, 1453, 424, 2212, 1330, 2791, 305, 0]
Route #143: [0, 1518, 1760, 1474, 669, 437, 1986, 641, 918, 2193, 1050, 1245, 545, 1559, 1082, 0]
Route #144: [0, 2828, 750, 517, 1418, 1020, 2790, 2248, 580, 2104, 450, 2311, 1420, 1728, 215, 1460, 0]
Route #145: [0, 1443, 2778, 2387, 1961, 182, 186, 2238, 199, 648, 717, 2177, 299, 2308, 2353, 1624, 810, 0]
Route #146: [0, 2950, 2160, 2567, 2319, 2824, 1848, 326, 2972, 196, 1798, 930, 2221, 388, 351, 995, 1795, 0]
Route #147: [0, 791, 1571, 645, 57, 550, 2340, 307, 1150, 2180, 374, 50, 238, 2862, 2934, 1378, 2878, 0]
Route #148: [0, 2865, 1531, 985, 1831, 434, 128, 541, 62, 1489, 2804, 1548, 688, 2764, 2149, 1953, 1582, 973, 0]
Route #149: [0, 2494, 207, 1912, 184, 825, 1339, 1487, 297, 1692, 432, 2074, 1061, 1103, 2884, 0]
Route #150: [0, 1873, 1717, 2402, 672, 1792, 2881, 1407, 956, 2938, 712, 31, 684, 2398, 2917, 0]
Route #151: [0, 2434, 993, 2543, 1852, 1731, 1776, 1344, 475, 1660, 2261, 1987, 2829, 1942, 0]
Route #152: [0, 2713, 2225, 2819, 1277, 111, 948, 425, 487, 2123, 2011, 1936, 2094, 2617, 33, 1208, 1048, 1108, 0]
Route #153: [0, 1688, 539, 371, 945, 380, 838, 1373, 988, 2136, 1672, 1237, 800, 0]
Route #154: [0, 2858, 2903, 500, 1988, 2284, 900, 2900, 2803, 1321, 362, 600, 2150, 345, 654, 1632, 1389, 112, 0]
Route #155: [0, 14, 1398, 356, 526, 336, 2783, 2246, 1347, 2930, 2924, 999, 1239, 2911, 1468, 744, 1718, 0]
Route #156: [0, 2139, 2236, 887, 2861, 1837, 1098, 402, 1189, 1901, 2784, 2223, 844, 55, 518, 0]
Route #157: [0, 1440, 146, 1031, 2525, 2466, 2409, 481, 409, 2964, 447, 923, 1590, 1116, 1612, 2137, 1392, 0]
Route #158: [0, 2279, 52, 1152, 2431, 2591, 1806, 1788, 97, 2314, 1403, 858, 2537, 970, 1532, 1395, 260, 0]
Route #159: [0, 1275, 989, 2368, 2637, 319, 482, 2496, 685, 415, 1278, 2323, 124, 1626, 670, 0]
Route #160: [0, 1127, 2769, 244, 2151, 2103, 848, 1473, 1052, 713, 1310, 1164, 2777, 2107, 2354, 2384, 0]
Route #161: [0, 1483, 2159, 845, 881, 1504, 1667, 2481, 354, 1303, 2715, 1296, 534, 2869, 0]
Route #162: [0, 1665, 951, 2145, 1067, 2175, 1485, 495, 2344, 1001, 559, 2048, 1334, 1543, 1406, 1976, 652, 0]
Route #163: [0, 86, 509, 663, 2974, 118, 1222, 1065, 370, 2166, 2898, 565, 2067, 2036, 0]
Route #164: [0, 2837, 133, 1530, 1791, 538, 180, 2891, 2039, 2333, 821, 280, 2961, 1355, 1417, 0]
Route #165: [0, 1813, 2816, 2708, 1267, 2847, 30, 421, 650, 2394, 1680, 331, 2155, 2536, 2334, 2142, 0]
Route #166: [0, 1215, 1638, 1374, 2303, 1835, 455, 1828, 1746, 2856, 2963, 1329, 865, 278, 1664, 2814, 1076, 0]
Route #167: [0, 2003, 1088, 2727, 2831, 2443, 2122, 1166, 2152, 1619, 2990, 2622, 1535, 85, 0]
Route #168: [0, 1503, 2554, 2456, 1955, 2739, 2513, 2643, 561, 788, 2978, 747, 635, 0]
Route #169: [0, 1232, 1461, 1327, 657, 905, 2403, 1594, 364, 2871, 1909, 322, 2098, 2205, 448, 0]
Route #170: [0, 2660, 1643, 2744, 1979, 1244, 2568, 1561, 1058, 2435, 558, 2968, 876, 2674, 1565, 2174, 253, 1046, 467, 2013, 0]
Route #171: [0, 1497, 2427, 942, 2555, 639, 435, 2464, 1016, 310, 871, 839, 2879, 2034, 2454, 597, 0]
Route #172: [0, 2595, 174, 1337, 1925, 1212, 2029, 1520, 2996, 2157, 2599, 2133, 170, 266, 2025, 311, 0]
Route #173: [0, 339, 903, 2596, 2504, 2690, 2276, 768, 935, 1236, 1549, 1465, 1965, 2589, 1597, 0]
Route #174: [0, 851, 2948, 623, 1905, 1944, 1613, 2447, 242, 2561, 1304, 2826, 204, 384, 1900, 0]
Route #175: [0, 2717, 1596, 1140, 1038, 2638, 1260, 2364, 1363, 764, 707, 1785, 994, 0]
Route #176: [0, 965, 2062, 2083, 284, 2952, 1464, 537, 1369, 1388, 1094, 251, 1911, 753, 1604, 0]
Route #177: [0, 1141, 2806, 1651, 2359, 878, 708, 2809, 1119, 387, 41, 2204, 471, 785, 47, 2981, 0]
Route #178: [0, 2156, 2566, 2465, 1404, 2782, 1482, 233, 2415, 515, 1402, 1630, 2413, 1305, 1475, 0]
Route #179: [0, 1021, 1376, 1452, 1860, 832, 859, 2927, 2234, 1511, 2228, 0]
Route #180: [0, 2360, 286, 1827, 2655, 490, 2923, 2021, 891, 2913, 2119, 2530, 2388, 872, 1287, 2070, 2493, 0]
Route #181: [0, 1654, 1159, 2247, 1429, 2605, 2962, 154, 798, 1509, 1063, 2770, 938, 799, 0]
Route #182: [0, 1824, 327, 2211, 295, 676, 1298, 1358, 2983, 2991, 261, 525, 2207, 0]
Route #183: [0, 2277, 1006, 1585, 1285, 1160, 93, 513, 2889, 2040, 2982, 633, 1319, 2711, 978, 0]
Route #184: [0, 2798, 986, 2820, 1332, 2759, 1039, 1397, 1547, 1847, 2436, 1060, 2127, 158, 2461, 1758, 0]
Route #185: [0, 673, 536, 463, 1702, 1902, 694, 1206, 2146, 1379, 2255, 1707, 621, 678, 1194, 2508, 2618, 0]
Route #186: [0, 324, 2321, 2217, 2320, 2872, 1862, 1579, 778, 816, 2440, 458, 2442, 1934, 0]
Route #187: [0, 2726, 1196, 2295, 890, 145, 2630, 440, 2307, 1336, 1694, 2671, 2682, 2252, 716, 1921, 644, 0]
Route #188: [0, 2550, 700, 2776, 574, 809, 2451, 1191, 593, 101, 919, 210, 940, 827, 991, 1311, 470, 2586, 0]
Route #189: [0, 1783, 928, 1078, 2049, 1537, 2641, 270, 2140, 1949, 1102, 2390, 99, 1032, 836, 0]
Route #190: [0, 1109, 2114, 2896, 2771, 1181, 1120, 1175, 2986, 699, 1584, 2992, 234, 2533, 1808, 2256, 107, 0]
Route #191: [0, 1423, 842, 2548, 2967, 248, 120, 2749, 738, 1142, 452, 457, 1168, 499, 2033, 0]
Route #192: [0, 2980, 703, 1447, 2583, 1213, 2273, 1598, 1769, 1227, 932, 603, 2883, 0]
Route #193: [0, 2492, 2148, 1342, 2229, 1674, 1640, 1563, 262, 2529, 263, 1331, 731, 1126, 1759, 0]
Route #194: [0, 1309, 2128, 271, 1502, 2288, 179, 2289, 647, 1836, 2503, 2743, 1918, 2452, 0]
Route #195: [0, 2662, 2195, 2528, 2723, 32, 2296, 1043, 2560, 96, 910, 2330, 2989, 1557, 2531, 0]
Route #196: [0, 2940, 1155, 2754, 640, 1727, 237, 51, 1770, 2237, 366, 1148, 267, 1719, 2510, 465, 0]
Route #197: [0, 2623, 1973, 557, 235, 882, 2071, 1652, 1995, 1673, 1693, 1183, 1891, 1254, 1635, 1007, 0]
Route #198: [0, 2944, 2064, 2315, 1971, 1101, 438, 2032, 1493, 860, 166, 1422, 2559, 2043, 0]
Route #199: [0, 2549, 1437, 281, 815, 1786, 606, 2740, 854, 1522, 365, 2975, 2383, 2679, 2577, 0]
Route #200: [0, 1368, 807, 1486, 925, 808, 2640, 2737, 1411, 1322, 1083, 494, 1250, 2365, 814, 0]
Route #201: [0, 2695, 2860, 1216, 1022, 446, 2696, 1907, 2418, 2113, 468, 1079, 898, 2073, 1515, 2428, 0]
Route #202: [0, 1080, 2825, 61, 2432, 997, 1111, 2460, 313, 1753, 2486, 2189, 1382, 870, 1449, 2253, 407, 1399, 0]
Route #203: [0, 291, 2597, 2115, 2729, 1405, 680, 433, 877, 1069, 2275, 2765, 2899, 0]
Cost: 214037
Wall Time: 5.300840854644775
CPU Time: 5.29802
