Route #1: [0, 262, 108, 370, 223, 30, 170, 93, 351, 153, 86, 167, 359, 24, 379, 309, 109, 381, 332, 225, 0]
Route #2: [0, 233, 83, 95, 135, 283, 68, 65, 193, 267, 324, 74, 123, 213, 308, 365, 296, 98, 161, 0]
Route #3: [0, 228, 248, 290, 273, 326, 17, 276, 343, 242, 51, 256, 350, 182, 156, 390, 205, 268, 88, 138, 284, 0]
Route #4: [0, 287, 94, 330, 46, 49, 318, 285, 376, 152, 55, 174, 165, 214, 196, 361, 177, 0]
Route #5: [0, 63, 258, 147, 180, 357, 127, 266, 66, 151, 103, 271, 62, 75, 5, 33, 60, 352, 160, 252, 40, 0]
Route #6: [0, 336, 44, 360, 394, 253, 176, 368, 149, 274, 10, 244, 11, 302, 116, 43, 28, 392, 353, 48, 0]
Route #7: [0, 261, 254, 240, 15, 301, 45, 358, 168, 6, 294, 87, 129, 175, 140, 173, 247, 164, 237, 197, 380, 125, 378, 29, 0]
Route #8: [0, 323, 311, 189, 194, 120, 229, 319, 270, 333, 128, 148, 105, 306, 115, 303, 21, 184, 339, 0]
Route #9: [0, 347, 157, 257, 293, 201, 340, 181, 119, 32, 362, 224, 4, 334, 329, 313, 22, 144, 377, 159, 0]
Route #10: [0, 388, 341, 263, 272, 255, 241, 143, 277, 245, 1, 216, 42, 198, 288, 331, 18, 80, 393, 0]
Route #11: [0, 215, 349, 212, 354, 227, 299, 375, 97, 50, 9, 178, 38, 191, 0]
Route #12: [0, 72, 64, 373, 367, 316, 211, 124, 121, 250, 372, 363, 355, 90, 232, 132, 200, 369, 14, 0]
Route #13: [0, 190, 314, 321, 234, 219, 395, 37, 179, 220, 126, 235, 259, 113, 91, 130, 39, 67, 171, 0]
Route #14: [0, 291, 112, 12, 131, 208, 158, 36, 145, 118, 364, 183, 230, 104, 218, 327, 26, 251, 345, 137, 82, 35, 0]
Route #15: [0, 297, 397, 328, 52, 47, 348, 79, 207, 70, 139, 122, 382, 203, 280, 246, 19, 335, 185, 356, 58, 0]
Route #16: [0, 20, 300, 111, 162, 133, 279, 142, 7, 102, 53, 166, 54, 69, 76, 260, 100, 117, 150, 0]
Route #17: [0, 146, 202, 71, 101, 23, 172, 384, 307, 371, 89, 264, 155, 107, 195, 0]
Route #18: [0, 85, 188, 56, 238, 163, 286, 16, 292, 81, 269, 342, 25, 281, 383, 13, 295, 322, 204, 57, 398, 391, 110, 141, 0]
Route #19: [0, 217, 239, 221, 344, 99, 186, 374, 8, 222, 282, 325, 187, 209, 236, 0]
Route #20: [0, 106, 31, 136, 78, 317, 400, 169, 387, 96, 92, 366, 199, 77, 231, 192, 41, 206, 0]
Route #21: [0, 289, 154, 310, 61, 386, 134, 3, 315, 312, 304, 27, 249, 278, 114, 0]
Route #22: [0, 320, 385, 265, 396, 73, 346, 305, 338, 2, 298, 34, 84, 226, 243, 0]
Route #23: [0, 59, 389, 210, 399, 337, 275, 0]
Cost: 43852
Wall Time: 0.10740017890930176
CPU Time: 0.10714600000000002
