Route #1: [0, 174, 169, 172, 175, 162, 139, 135, 67, 157, 206, 95, 142, 97, 115, 109, 26, 230, 63, 92, 229, 44, 177, 112, 0]
Route #2: [0, 161, 143, 187, 197, 171, 128, 201, 46, 7, 83, 122, 22, 202, 192, 77, 87, 127, 148, 212, 0]
Route #3: [0, 181, 176, 215, 68, 64, 60, 30, 57, 204, 72, 66, 23, 188, 37, 73, 88, 93, 124, 123, 101, 0]
Route #4: [0, 155, 111, 138, 94, 130, 106, 103, 151, 107, 152, 131, 120, 153, 144, 149, 170, 133, 154, 156, 164, 163, 0]
Route #5: [0, 89, 100, 14, 35, 8, 118, 205, 191, 17, 208, 39, 195, 108, 159, 136, 209, 81, 193, 134, 25, 203, 225, 0]
Route #6: [0, 105, 150, 165, 141, 168, 216, 194, 167, 147, 217, 6, 179, 234, 185, 232, 19, 240, 21, 27, 0]
Route #7: [0, 241, 236, 190, 180, 235, 13, 3, 29, 16, 18, 15, 166, 213, 32, 119, 140, 36, 50, 0]
Route #8: [0, 158, 207, 178, 146, 129, 223, 233, 61, 200, 65, 48, 114, 33, 86, 52, 51, 102, 59, 58, 62, 54, 116, 0]
Route #9: [0, 91, 2, 132, 121, 125, 47, 74, 99, 226, 198, 218, 137, 70, 69, 199, 24, 4, 221, 34, 0]
Route #10: [0, 231, 182, 183, 184, 238, 160, 214, 211, 85, 98, 20, 28, 82, 227, 49, 41, 55, 53, 219, 84, 0]
Route #11: [0, 9, 113, 239, 40, 145, 75, 43, 45, 1, 71, 42, 11, 79, 80, 237, 224, 76, 126, 5, 117, 104, 0]
Route #12: [0, 110, 222, 12, 189, 196, 186, 56, 31, 78, 220, 38, 10, 210, 96, 90, 173, 228, 0]
Cost: 21812
Wall Time: 0.050614118576049805
CPU Time: 0.049476000000000006
