Route #1: [0, 658, 408, 698, 664, 768, 662, 335, 873, 18, 930, 350, 601, 260, 12, 532, 978, 908, 13, 522, 742, 55, 230, 179, 0]
Route #2: [0, 819, 801, 234, 236, 836, 300, 321, 485, 723, 316, 354, 433, 187, 237, 816, 822, 921, 736, 457, 903, 766, 958, 505, 988, 0]
Route #3: [0, 748, 876, 515, 540, 565, 345, 937, 343, 198, 875, 177, 25, 28, 92, 680, 794, 231, 865, 320, 735, 301, 660, 501, 972, 406, 0]
Route #4: [0, 44, 369, 852, 214, 151, 935, 900, 524, 844, 611, 538, 789, 372, 955, 483, 110, 806, 557, 115, 537, 507, 656, 145, 203, 0]
Route #5: [0, 119, 964, 783, 755, 424, 444, 484, 168, 143, 643, 167, 817, 694, 905, 619, 818, 64, 998, 542, 487, 734, 150, 934, 146, 826, 915, 0]
Route #6: [0, 469, 8, 98, 632, 107, 549, 325, 562, 120, 683, 913, 954, 894, 737, 479, 690, 307, 788, 429, 697, 773, 190, 0]
Route #7: [0, 80, 132, 533, 570, 600, 931, 491, 293, 48, 298, 245, 767, 407, 240, 839, 710, 220, 282, 74, 707, 722, 775, 0]
Route #8: [0, 141, 804, 702, 15, 361, 9, 634, 355, 94, 22, 297, 561, 969, 724, 417, 186, 938, 386, 774, 431, 206, 957, 489, 916, 0]
Route #9: [0, 650, 289, 588, 41, 346, 402, 802, 104, 825, 322, 499, 528, 648, 719, 583, 739, 927, 952, 194, 280, 640, 547, 655, 460, 745, 0]
Route #10: [0, 607, 571, 870, 96, 942, 944, 980, 133, 283, 812, 201, 508, 45, 306, 248, 266, 604, 356, 242, 959, 754, 59, 140, 751, 0]
Route #11: [0, 993, 753, 123, 21, 42, 899, 919, 274, 207, 453, 805, 637, 590, 720, 464, 409, 357, 953, 411, 68, 945, 874, 554, 172, 585, 468, 0]
Route #12: [0, 492, 86, 414, 638, 284, 27, 868, 416, 740, 531, 693, 49, 441, 61, 673, 481, 474, 760, 446, 594, 412, 613, 165, 228, 968, 437, 163, 0]
Route #13: [0, 88, 58, 85, 62, 367, 243, 330, 652, 374, 142, 535, 918, 929, 800, 759, 202, 229, 303, 498, 757, 831, 340, 933, 889, 0]
Route #14: [0, 784, 867, 328, 490, 377, 463, 157, 809, 803, 992, 24, 845, 112, 10, 164, 695, 63, 914, 122, 270, 771, 183, 0]
Route #15: [0, 956, 29, 139, 815, 592, 384, 153, 255, 462, 5, 606, 793, 318, 983, 99, 830, 620, 398, 725, 37, 941, 796, 627, 838, 0]
Route #16: [0, 93, 413, 786, 622, 149, 394, 456, 701, 238, 422, 135, 906, 733, 160, 928, 904, 259, 526, 263, 821, 574, 72, 778, 0]
Route #17: [0, 197, 211, 840, 494, 792, 808, 884, 31, 502, 578, 509, 279, 728, 89, 294, 452, 984, 103, 596, 708, 663, 265, 261, 898, 0]
Route #18: [0, 440, 101, 850, 337, 71, 39, 379, 116, 966, 400, 633, 582, 974, 581, 227, 299, 617, 108, 712, 23, 90, 430, 857, 0]
Route #19: [0, 642, 518, 215, 846, 661, 347, 872, 360, 614, 148, 635, 516, 465, 686, 644, 363, 373, 334, 11, 342, 770, 678, 332, 902, 587, 125, 758, 0]
Route #20: [0, 277, 52, 262, 752, 727, 246, 925, 378, 892, 43, 247, 659, 731, 443, 82, 593, 397, 188, 418, 879, 0]
Route #21: [0, 467, 290, 204, 842, 130, 53, 949, 114, 213, 221, 396, 738, 706, 647, 990, 833, 305, 438, 353, 730, 917, 212, 0]
Route #22: [0, 688, 605, 455, 709, 765, 129, 630, 364, 222, 523, 994, 568, 947, 176, 399, 472, 510, 196, 597, 639, 534, 982, 837, 0]
Route #23: [0, 495, 427, 352, 56, 84, 134, 863, 897, 506, 124, 461, 553, 887, 315, 948, 109, 199, 102, 258, 911, 174, 250, 0]
Route #24: [0, 219, 703, 390, 175, 762, 811, 459, 671, 144, 545, 439, 358, 1000, 200, 312, 434, 118, 450, 799, 209, 38, 965, 0]
Route #25: [0, 861, 871, 392, 171, 625, 668, 853, 672, 962, 256, 859, 785, 797, 451, 564, 395, 525, 603, 718, 692, 726, 893, 136, 910, 159, 575, 0]
Route #26: [0, 595, 16, 436, 14, 105, 560, 195, 881, 696, 278, 623, 558, 732, 572, 33, 699, 205, 621, 827, 473, 341, 349, 858, 705, 0]
Route #27: [0, 713, 445, 932, 880, 7, 624, 376, 676, 552, 382, 40, 70, 223, 946, 579, 975, 476, 828, 820, 344, 158, 385, 421, 287, 591, 576, 0]
Route #28: [0, 586, 882, 60, 866, 981, 843, 310, 939, 923, 781, 442, 855, 493, 288, 419, 677, 111, 628, 950, 257, 651, 851, 0]
Route #29: [0, 81, 313, 218, 192, 573, 782, 269, 309, 943, 488, 744, 864, 824, 807, 750, 636, 100, 155, 156, 182, 764, 272, 543, 985, 0]
Route #30: [0, 747, 180, 567, 475, 138, 790, 311, 217, 365, 253, 226, 371, 856, 657, 970, 154, 615, 497, 559, 26, 716, 675, 295, 478, 67, 147, 368, 19, 170, 0]
Route #31: [0, 366, 267, 653, 241, 254, 862, 589, 832, 403, 665, 351, 834, 304, 1, 854, 375, 51, 244, 359, 847, 989, 286, 0]
Route #32: [0, 480, 616, 717, 273, 425, 128, 327, 302, 500, 814, 888, 704, 249, 78, 646, 370, 152, 885, 608, 75, 432, 65, 681, 548, 922, 0]
Route #33: [0, 936, 519, 486, 513, 458, 741, 69, 715, 224, 178, 339, 57, 73, 536, 679, 77, 963, 546, 423, 410, 208, 2, 0]
Route #34: [0, 907, 251, 685, 569, 609, 684, 602, 746, 940, 920, 860, 387, 121, 550, 961, 530, 389, 380, 401, 512, 185, 482, 520, 0]
Route #35: [0, 517, 670, 761, 471, 645, 95, 454, 50, 999, 296, 32, 91, 6, 629, 756, 901, 555, 599, 216, 779, 54, 598, 877, 239, 348, 169, 0]
Route #36: [0, 285, 317, 909, 626, 329, 34, 776, 714, 979, 649, 324, 191, 35, 823, 883, 926, 711, 529, 539, 641, 769, 0]
Route #37: [0, 232, 391, 291, 960, 210, 514, 428, 813, 566, 580, 987, 47, 117, 971, 405, 995, 87, 308, 511, 0]
Route #38: [0, 841, 381, 420, 449, 470, 477, 36, 997, 610, 338, 967, 848, 162, 584, 235, 271, 666, 631, 319, 878, 326, 618, 763, 0]
Route #39: [0, 674, 896, 292, 835, 189, 810, 466, 435, 890, 563, 275, 97, 849, 336, 193, 166, 184, 791, 951, 137, 127, 46, 0]
Route #40: [0, 264, 447, 541, 181, 362, 780, 689, 991, 924, 173, 551, 404, 895, 973, 331, 448, 912, 544, 721, 83, 682, 393, 268, 0]
Route #41: [0, 333, 556, 829, 691, 729, 787, 126, 383, 977, 669, 749, 415, 233, 225, 612, 891, 106, 281, 986, 4, 276, 996, 521, 496, 323, 0]
Route #42: [0, 976, 527, 504, 700, 252, 426, 687, 503, 161, 667, 886, 3, 76, 79, 772, 113, 798, 66, 743, 314, 131, 0]
Route #43: [0, 388, 20, 869, 777, 795, 654, 577, 17, 30, 0]
Cost: 87106
Wall Time: 0.5995309352874756
CPU Time: 0.597471
