Route #1: [0, 445, 313, 567, 545, 335, 448, 0]
Route #2: [0, 382, 471, 333, 156, 508, 574, 0]
Route #3: [0, 138, 324, 174, 377, 446, 38, 0]
Route #4: [0, 100, 175, 562, 95, 271, 177, 0]
Route #5: [0, 442, 475, 453, 512, 226, 9, 0]
Route #6: [0, 365, 120, 182, 373, 198, 589, 0]
Route #7: [0, 321, 553, 404, 389, 291, 266, 0]
Route #8: [0, 500, 594, 137, 118, 318, 535, 0]
Route #9: [0, 133, 357, 52, 5, 315, 466, 0]
Route #10: [0, 544, 69, 441, 288, 184, 394, 0]
Route #11: [0, 102, 570, 290, 305, 135, 455, 112, 0]
Route #12: [0, 585, 506, 542, 189, 383, 393, 0]
Route #13: [0, 24, 31, 405, 78, 505, 115, 0]
Route #14: [0, 346, 440, 204, 12, 222, 530, 380, 0]
Route #15: [0, 146, 517, 123, 289, 326, 579, 0]
Route #16: [0, 275, 202, 554, 483, 20, 219, 0]
Route #17: [0, 173, 396, 39, 15, 525, 560, 0]
Route #18: [0, 300, 478, 249, 371, 470, 22, 375, 0]
Route #19: [0, 582, 94, 307, 160, 583, 587, 0]
Route #20: [0, 241, 450, 279, 303, 296, 242, 493, 0]
Route #21: [0, 344, 294, 88, 479, 225, 430, 121, 0]
Route #22: [0, 213, 232, 159, 549, 43, 199, 531, 0]
Route #23: [0, 99, 322, 449, 595, 323, 494, 351, 0]
Route #24: [0, 66, 356, 424, 259, 107, 332, 447, 0]
Route #25: [0, 503, 53, 178, 208, 28, 248, 0]
Route #26: [0, 410, 379, 74, 434, 345, 218, 0]
Route #27: [0, 8, 273, 495, 245, 71, 480, 0]
Route #28: [0, 13, 250, 142, 496, 308, 564, 0]
Route #29: [0, 195, 522, 436, 211, 220, 403, 298, 0]
Route #30: [0, 247, 473, 21, 444, 369, 0]
Route #31: [0, 44, 108, 166, 509, 309, 131, 0]
Route #32: [0, 571, 216, 196, 361, 229, 329, 0]
Route #33: [0, 180, 269, 363, 416, 339, 593, 414, 0]
Route #34: [0, 26, 302, 540, 572, 70, 0]
Route #35: [0, 557, 491, 597, 498, 277, 148, 524, 0]
Route #36: [0, 96, 519, 319, 139, 392, 64, 0]
Route #37: [0, 591, 163, 526, 568, 381, 170, 0]
Route #38: [0, 274, 397, 360, 546, 19, 293, 0]
Route #39: [0, 111, 281, 126, 32, 227, 374, 0]
Route #40: [0, 457, 253, 400, 420, 125, 386, 144, 0]
Route #41: [0, 231, 124, 25, 502, 485, 461, 0]
Route #42: [0, 37, 261, 578, 48, 63, 186, 0]
Route #43: [0, 4, 80, 46, 350, 183, 143, 0]
Route #44: [0, 276, 169, 418, 378, 283, 523, 0]
Route #45: [0, 370, 460, 482, 82, 399, 558, 0]
Route #46: [0, 559, 270, 504, 541, 573, 511, 92, 0]
Route #47: [0, 488, 432, 35, 214, 262, 376, 0]
Route #48: [0, 563, 551, 65, 6, 205, 152, 0]
Route #49: [0, 40, 486, 97, 349, 443, 258, 0]
Route #50: [0, 54, 514, 45, 76, 355, 372, 217, 0]
Route #51: [0, 154, 221, 354, 105, 193, 1, 0]
Route #52: [0, 328, 598, 306, 366, 62, 84, 401, 0]
Route #53: [0, 116, 548, 47, 14, 515, 387, 0]
Route #54: [0, 10, 59, 462, 459, 55, 336, 0]
Route #55: [0, 534, 224, 117, 215, 592, 588, 487, 0]
Route #56: [0, 150, 203, 385, 552, 398, 539, 212, 0]
Route #57: [0, 468, 334, 499, 490, 68, 153, 0]
Route #58: [0, 359, 419, 223, 536, 85, 299, 0]
Route #59: [0, 251, 244, 474, 575, 341, 267, 407, 0]
Route #60: [0, 497, 413, 527, 141, 60, 0]
Route #61: [0, 429, 192, 520, 257, 469, 162, 130, 0]
Route #62: [0, 167, 340, 342, 456, 492, 187, 0]
Route #63: [0, 41, 239, 537, 176, 464, 412, 0]
Route #64: [0, 197, 285, 472, 171, 158, 325, 113, 0]
Route #65: [0, 353, 556, 230, 538, 438, 367, 42, 0]
Route #66: [0, 11, 149, 409, 561, 297, 145, 278, 0]
Route #67: [0, 463, 320, 17, 388, 590, 90, 391, 81, 0]
Route #68: [0, 165, 61, 109, 426, 264, 246, 254, 0]
Route #69: [0, 77, 364, 348, 190, 437, 484, 29, 0]
Route #70: [0, 529, 168, 89, 477, 580, 337, 0]
Route #71: [0, 256, 50, 362, 110, 417, 358, 0]
Route #72: [0, 185, 584, 49, 411, 106, 206, 157, 0]
Route #73: [0, 317, 56, 452, 161, 428, 458, 0]
Route #74: [0, 155, 395, 402, 476, 513, 147, 0]
Route #75: [0, 581, 265, 518, 67, 304, 569, 0]
Route #76: [0, 421, 439, 237, 268, 331, 0]
Route #77: [0, 34, 3, 566, 255, 207, 555, 0]
Route #78: [0, 338, 98, 528, 134, 91, 0]
Route #79: [0, 454, 406, 228, 286, 188, 507, 0]
Route #80: [0, 194, 114, 431, 352, 451, 27, 0]
Route #81: [0, 164, 550, 501, 596, 181, 543, 0]
Route #82: [0, 33, 132, 83, 521, 140, 280, 0]
Route #83: [0, 577, 427, 75, 93, 18, 368, 0]
Route #84: [0, 272, 179, 151, 316, 79, 172, 0]
Route #85: [0, 243, 295, 263, 467, 127, 576, 0]
Route #86: [0, 51, 128, 423, 481, 384, 489, 415, 0]
Route #87: [0, 312, 330, 252, 311, 136, 284, 0]
Route #88: [0, 510, 209, 72, 516, 2, 327, 0]
Route #89: [0, 58, 565, 129, 87, 119, 390, 0]
Route #90: [0, 16, 233, 210, 547, 104, 0]
Route #91: [0, 260, 586, 103, 282, 292, 425, 0]
Route #92: [0, 200, 236, 408, 435, 240, 201, 0]
Route #93: [0, 310, 122, 347, 287, 235, 86, 0]
Route #94: [0, 314, 234, 533, 73, 343, 23, 0]
Route #95: [0, 433, 30, 36, 191, 465, 301, 101, 0]
Route #96: [0, 7, 532, 422, 238, 57, 0]
Cost: 119462
Wall Time: 0.24168610572814941
CPU Time: 0.23957599999999998
