Route #1: [0, 436, 272, 9, 234, 0]
Route #2: [0, 279, 97, 341, 390, 0]
Route #3: [0, 56, 197, 304, 120, 0]
Route #4: [0, 259, 420, 201, 208, 443, 0]
Route #5: [0, 174, 17, 273, 48, 0]
Route #6: [0, 157, 439, 101, 158, 0]
Route #7: [0, 360, 40, 311, 0]
Route #8: [0, 233, 356, 72, 392, 0]
Route #9: [0, 93, 302, 82, 74, 0]
Route #10: [0, 361, 268, 395, 529, 42, 0]
Route #11: [0, 830, 305, 805, 337, 0]
Route #12: [0, 114, 187, 293, 561, 0]
Route #13: [0, 110, 241, 104, 287, 413, 0]
Route #14: [0, 269, 165, 818, 418, 0]
Route #15: [0, 139, 167, 204, 448, 0]
Route #16: [0, 655, 271, 662, 875, 751, 0]
Route #17: [0, 906, 541, 444, 547, 0]
Route #18: [0, 670, 572, 727, 487, 0]
Route #19: [0, 28, 589, 631, 298, 0]
Route #20: [0, 754, 482, 130, 870, 0]
Route #21: [0, 180, 179, 322, 669, 15, 0]
Route #22: [0, 499, 340, 60, 636, 730, 473, 0]
Route #23: [0, 379, 641, 862, 656, 849, 0]
Route #24: [0, 752, 385, 666, 576, 0]
Route #25: [0, 155, 406, 429, 1, 32, 0]
Route #26: [0, 537, 403, 761, 257, 464, 0]
Route #27: [0, 77, 13, 371, 414, 0]
Route #28: [0, 16, 485, 895, 282, 0]
Route #29: [0, 318, 738, 908, 135, 2, 0]
Route #30: [0, 629, 739, 523, 725, 0]
Route #31: [0, 797, 475, 646, 609, 0]
Route #32: [0, 449, 731, 63, 627, 0]
Route #33: [0, 251, 831, 787, 699, 0]
Route #34: [0, 51, 86, 106, 412, 0]
Route #35: [0, 122, 693, 71, 633, 0]
Route #36: [0, 171, 630, 125, 672, 714, 0]
Route #37: [0, 178, 606, 554, 673, 0]
Route #38: [0, 307, 564, 519, 530, 0]
Route #39: [0, 858, 409, 625, 583, 490, 0]
Route #40: [0, 516, 386, 638, 618, 811, 0]
Route #41: [0, 533, 736, 218, 222, 0]
Route #42: [0, 69, 708, 880, 522, 462, 0]
Route #43: [0, 653, 720, 644, 878, 0]
Route #44: [0, 650, 480, 697, 0]
Route #45: [0, 856, 328, 556, 777, 0]
Route #46: [0, 728, 164, 192, 35, 0]
Route #47: [0, 813, 861, 700, 803, 905, 0]
Route #48: [0, 425, 676, 689, 634, 0]
Route #49: [0, 50, 798, 277, 14, 0]
Route #50: [0, 612, 545, 111, 626, 0]
Route #51: [0, 255, 376, 515, 715, 599, 0]
Route #52: [0, 235, 723, 263, 722, 0]
Route #53: [0, 844, 770, 685, 471, 346, 608, 0]
Route #54: [0, 463, 89, 632, 469, 0]
Route #55: [0, 433, 768, 227, 588, 565, 0]
Route #56: [0, 300, 100, 49, 441, 0]
Route #57: [0, 827, 524, 24, 0]
Route #58: [0, 289, 525, 746, 170, 0]
Route #59: [0, 177, 253, 229, 137, 0]
Route #60: [0, 896, 635, 876, 584, 757, 0]
Route #61: [0, 843, 695, 854, 911, 0]
Route #62: [0, 750, 748, 639, 494, 505, 0]
Route #63: [0, 837, 587, 501, 785, 573, 0]
Route #64: [0, 899, 350, 479, 675, 0]
Route #65: [0, 172, 853, 596, 645, 0]
Route #66: [0, 274, 873, 747, 0]
Route #67: [0, 913, 879, 595, 872, 0]
Route #68: [0, 154, 817, 310, 0]
Route #69: [0, 430, 405, 454, 816, 0]
Route #70: [0, 489, 749, 790, 735, 0]
Route #71: [0, 378, 366, 275, 315, 0]
Route #72: [0, 330, 66, 423, 239, 0]
Route #73: [0, 88, 90, 83, 0]
Route #74: [0, 806, 384, 144, 883, 0]
Route #75: [0, 91, 555, 602, 677, 117, 0]
Route #76: [0, 262, 84, 202, 585, 0]
Route #77: [0, 87, 435, 128, 258, 0]
Route #78: [0, 474, 717, 440, 231, 27, 0]
Route #79: [0, 698, 369, 687, 438, 0]
Route #80: [0, 705, 470, 193, 465, 703, 0]
Route #81: [0, 823, 119, 620, 364, 210, 0]
Route #82: [0, 240, 314, 382, 812, 886, 0]
Route #83: [0, 146, 377, 270, 291, 0]
Route #84: [0, 33, 514, 312, 898, 0]
Route #85: [0, 53, 349, 604, 43, 0]
Route #86: [0, 203, 498, 6, 324, 0]
Route #87: [0, 452, 78, 652, 688, 0]
Route #88: [0, 711, 742, 782, 335, 0]
Route #89: [0, 134, 247, 327, 212, 702, 0]
Route #90: [0, 367, 520, 887, 732, 103, 0]
Route #91: [0, 308, 651, 297, 534, 0]
Route #92: [0, 559, 186, 92, 824, 581, 0]
Route #93: [0, 243, 226, 85, 52, 0]
Route #94: [0, 161, 284, 21, 149, 0]
Route #95: [0, 319, 336, 147, 41, 716, 0]
Route #96: [0, 601, 26, 217, 19, 0]
Route #97: [0, 105, 411, 521, 102, 0]
Route #98: [0, 391, 598, 224, 510, 0]
Route #99: [0, 778, 774, 45, 667, 909, 0]
Route #100: [0, 550, 892, 347, 455, 570, 0]
Route #101: [0, 658, 108, 109, 62, 290, 0]
Route #102: [0, 316, 248, 22, 200, 0]
Route #103: [0, 622, 562, 560, 661, 807, 0]
Route #104: [0, 578, 503, 198, 847, 0]
Route #105: [0, 453, 845, 143, 648, 0]
Route #106: [0, 571, 153, 890, 292, 0]
Route #107: [0, 531, 365, 800, 707, 0]
Route #108: [0, 544, 623, 569, 502, 696, 0]
Route #109: [0, 320, 399, 401, 236, 325, 0]
Route #110: [0, 567, 597, 772, 814, 0]
Route #111: [0, 910, 434, 566, 280, 0]
Route #112: [0, 124, 228, 181, 285, 0]
Route #113: [0, 29, 532, 706, 590, 0]
Route #114: [0, 481, 783, 445, 704, 0]
Route #115: [0, 457, 30, 173, 190, 0]
Route #116: [0, 64, 549, 488, 244, 0]
Route #117: [0, 421, 914, 775, 38, 0]
Route #118: [0, 850, 833, 860, 0]
Route #119: [0, 36, 261, 225, 352, 141, 0]
Route #120: [0, 737, 543, 317, 484, 0]
Route #121: [0, 67, 417, 303, 99, 0]
Route #122: [0, 175, 740, 256, 864, 0]
Route #123: [0, 131, 58, 65, 694, 678, 0]
Route #124: [0, 528, 145, 508, 758, 0]
Route #125: [0, 829, 907, 586, 665, 0]
Route #126: [0, 579, 640, 166, 726, 0]
Route #127: [0, 223, 614, 859, 288, 0]
Route #128: [0, 458, 194, 784, 857, 0]
Route #129: [0, 712, 607, 506, 345, 0]
Route #130: [0, 865, 507, 659, 548, 0]
Route #131: [0, 713, 874, 815, 819, 0]
Route #132: [0, 912, 136, 357, 719, 95, 0]
Route #133: [0, 456, 5, 396, 10, 0]
Route #134: [0, 536, 492, 624, 517, 0]
Route #135: [0, 733, 882, 897, 594, 0]
Route #136: [0, 591, 466, 491, 621, 0]
Route #137: [0, 616, 359, 185, 866, 0]
Route #138: [0, 363, 628, 254, 472, 0]
Route #139: [0, 301, 574, 535, 605, 0]
Route #140: [0, 791, 126, 428, 383, 0]
Route #141: [0, 838, 437, 422, 810, 0]
Route #142: [0, 834, 477, 801, 756, 486, 0]
Route #143: [0, 822, 511, 467, 538, 0]
Route #144: [0, 372, 351, 296, 332, 0]
Route #145: [0, 211, 836, 753, 764, 0]
Route #146: [0, 766, 868, 619, 388, 0]
Route #147: [0, 81, 679, 610, 468, 0]
Route #148: [0, 647, 540, 690, 637, 0]
Route #149: [0, 460, 729, 842, 526, 0]
Route #150: [0, 701, 551, 182, 281, 0]
Route #151: [0, 763, 745, 323, 769, 0]
Route #152: [0, 306, 580, 779, 493, 264, 0]
Route #153: [0, 869, 509, 577, 461, 0]
Route #154: [0, 786, 821, 762, 902, 657, 0]
Route #155: [0, 796, 788, 362, 809, 563, 0]
Route #156: [0, 393, 214, 156, 450, 0]
Route #157: [0, 600, 683, 734, 691, 0]
Route #158: [0, 3, 394, 329, 80, 0]
Route #159: [0, 150, 682, 68, 46, 0]
Route #160: [0, 804, 802, 664, 851, 0]
Route #161: [0, 901, 476, 496, 121, 0]
Route #162: [0, 552, 407, 400, 795, 0]
Route #163: [0, 840, 546, 613, 841, 0]
Route #164: [0, 446, 776, 427, 680, 0]
Route #165: [0, 354, 744, 846, 891, 0]
Route #166: [0, 721, 495, 333, 611, 0]
Route #167: [0, 152, 410, 593, 889, 0]
Route #168: [0, 877, 527, 760, 825, 0]
Route #169: [0, 213, 380, 442, 294, 0]
Route #170: [0, 820, 765, 127, 512, 0]
Route #171: [0, 338, 893, 642, 404, 0]
Route #172: [0, 780, 654, 759, 881, 835, 0]
Route #173: [0, 832, 755, 710, 671, 0]
Route #174: [0, 129, 558, 151, 267, 863, 0]
Route #175: [0, 397, 162, 828, 176, 0]
Route #176: [0, 781, 575, 478, 47, 582, 0]
Route #177: [0, 724, 504, 387, 513, 0]
Route #178: [0, 59, 808, 459, 867, 0]
Route #179: [0, 518, 888, 615, 709, 0]
Route #180: [0, 767, 283, 542, 915, 0]
Route #181: [0, 649, 884, 855, 112, 0]
Route #182: [0, 793, 668, 37, 592, 0]
Route #183: [0, 871, 773, 903, 568, 0]
Route #184: [0, 133, 232, 260, 140, 107, 0]
Route #185: [0, 370, 348, 839, 12, 0]
Route #186: [0, 431, 245, 826, 39, 686, 0]
Route #187: [0, 402, 617, 313, 497, 0]
Route #188: [0, 643, 249, 191, 374, 0]
Route #189: [0, 681, 557, 266, 663, 0]
Route #190: [0, 741, 196, 660, 265, 0]
Route #191: [0, 18, 115, 189, 11, 0]
Route #192: [0, 419, 250, 206, 0]
Route #193: [0, 183, 373, 334, 299, 0]
Route #194: [0, 718, 674, 98, 331, 0]
Route #195: [0, 539, 684, 216, 885, 0]
Route #196: [0, 31, 188, 447, 4, 0]
Route #197: [0, 76, 23, 54, 415, 0]
Route #198: [0, 794, 904, 900, 692, 603, 0]
Route #199: [0, 160, 342, 389, 75, 230, 0]
Route #200: [0, 483, 368, 500, 771, 799, 0]
Route #201: [0, 159, 209, 424, 57, 0]
Route #202: [0, 792, 848, 553, 34, 0]
Route #203: [0, 25, 113, 355, 132, 252, 0]
Route #204: [0, 207, 276, 116, 7, 0]
Route #205: [0, 852, 894, 195, 169, 0]
Route #206: [0, 205, 358, 96, 398, 0]
Route #207: [0, 789, 148, 118, 343, 326, 0]
Route #208: [0, 339, 184, 295, 55, 0]
Route #209: [0, 20, 743, 61, 381, 0]
Route #210: [0, 73, 451, 215, 8, 0]
Route #211: [0, 138, 242, 426, 286, 0]
Route #212: [0, 44, 142, 199, 220, 0]
Route #213: [0, 353, 375, 246, 70, 0]
Route #214: [0, 278, 237, 238, 416, 344, 0]
Route #215: [0, 309, 123, 94, 163, 321, 0]
Route #216: [0, 221, 219, 432, 79, 0]
Route #217: [0, 168, 408, 0]
Cost: 351618
Wall Time: 0.530562162399292
CPU Time: 0.530018
