Route #1: [0, 566, 812, 3127, 2351, 1853, 1273, 185, 3399, 1175, 1162, 3597, 3423, 1587, 3786, 1999, 3842, 782, 2001, 1341, 2440, 18, 1437, 308, 215, 1286, 1941, 2682, 2609, 1246, 2347, 2543, 1597, 1427, 237, 3033, 3584, 2942, 221, 3670, 883, 3835, 3077, 2535, 3065, 2967, 1331, 979, 581, 3550, 3869, 1439, 2442, 2482, 97, 3737, 3770, 1748, 327, 2977, 2268, 1158, 2485, 1704, 3498, 309, 706, 1179, 1995, 3177, 2639, 3697, 1077, 2337, 3492, 3892, 748, 2323, 393, 3462, 1476, 824, 1322, 893, 3829, 1357, 1323, 1750, 1348, 2299, 3871, 1354, 1724, 2512, 67, 0]
Route #2: [0, 2579, 3440, 3790, 1609, 1956, 2954, 603, 346, 3668, 2070, 3652, 3076, 421, 3907, 1028, 2013, 553, 2627, 120, 1227, 3691, 1366, 1645, 3347, 1568, 1393, 1278, 578, 2762, 3370, 1494, 3527, 3508, 3948, 1601, 1566, 2025, 2920, 1618, 772, 3806, 2331, 3557, 3353, 2420, 803, 2740, 2027, 2927, 498, 1223, 3549, 1272, 2796, 131, 2985, 3716, 601, 2828, 796, 1791, 3303, 2225, 1441, 3299, 1252, 3809, 1073, 2055, 3951, 3000, 1990, 1424, 1320, 1535, 1954, 2906, 539, 2047, 3112, 3587, 2771, 2456, 549, 1100, 2676, 0]
Route #3: [0, 3355, 2824, 3971, 2614, 3326, 2375, 2926, 1820, 3603, 452, 3374, 158, 935, 1285, 2250, 376, 2723, 1636, 2832, 818, 153, 3083, 3334, 1778, 241, 446, 813, 947, 2358, 2400, 26, 3890, 1642, 2095, 1919, 1406, 1834, 259, 2072, 1458, 353, 254, 130, 236, 3953, 3228, 3027, 1992, 2019, 2590, 3707, 528, 3954, 1430, 2307, 318, 795, 3647, 1066, 495, 2100, 1531, 1048, 1251, 3782, 1752, 2502, 1594, 2316, 2747, 2317, 1859, 1818, 2438, 730, 1536, 15, 1280, 645, 1036, 2452, 1159, 1116, 1347, 1745, 942, 2570, 1964, 1759, 2640, 2664, 0]
Route #4: [0, 1863, 1560, 3815, 1674, 176, 2868, 514, 3686, 3341, 880, 235, 1728, 3491, 2765, 3317, 1126, 1387, 673, 2711, 3945, 625, 3646, 1217, 272, 2615, 855, 1669, 292, 150, 2851, 2464, 1780, 1507, 2801, 2045, 3693, 2891, 3023, 2696, 1125, 1407, 3293, 247, 583, 3525, 3385, 2593, 3213, 2786, 3196, 3675, 2479, 3203, 3573, 2295, 889, 3181, 927, 2273, 3136, 905, 1097, 3124, 680, 533, 3088, 3477, 1379, 1473, 104, 3964, 416, 3798, 2339, 993, 3444, 230, 3594, 3230, 646, 55, 3616, 3363, 2965, 1580, 173, 637, 443, 3659, 3267, 1659, 409, 742, 3928, 0]
Route #5: [0, 3381, 598, 1326, 1098, 1468, 3950, 798, 1462, 854, 3933, 3952, 3664, 672, 1095, 3863, 2435, 1012, 3172, 1533, 3567, 951, 302, 1617, 955, 1284, 759, 238, 364, 2816, 335, 210, 35, 753, 2807, 1835, 1445, 3644, 1061, 3861, 2686, 1803, 2397, 762, 554, 1916, 2916, 3990, 3841, 1879, 588, 3820, 2097, 2642, 1423, 2876, 3908, 2134, 3098, 2280, 3059, 2188, 3090, 2229, 1556, 2968, 99, 532, 3485, 2861, 1030, 667, 2232, 2618, 3771, 3122, 1486, 790, 1679, 2667, 2084, 1697, 506, 569, 1994, 1639, 1484, 2855, 0]
Route #6: [0, 1781, 1001, 2432, 1244, 2296, 1831, 2071, 3735, 1414, 3925, 3216, 1887, 2810, 2572, 1156, 701, 638, 517, 2373, 2457, 819, 1852, 1933, 1544, 477, 2857, 2138, 1500, 197, 179, 657, 1449, 2735, 3536, 3063, 2020, 3746, 1525, 1234, 2309, 3311, 2040, 2000, 2877, 925, 3605, 3838, 3455, 1862, 2115, 2948, 1337, 11, 3857, 3166, 478, 2267, 2983, 3690, 3118, 3787, 2930, 203, 3618, 1676, 1671, 3304, 1684, 180, 1303, 2478, 3416, 3833, 3335, 3456, 571, 2159, 317, 2092, 424, 3053, 3553, 2421, 2909, 1040, 231, 58, 3231, 577, 2237, 0]
Route #7: [0, 1054, 3673, 2080, 2437, 1553, 3564, 2722, 627, 3872, 1193, 3117, 2103, 3784, 66, 94, 3470, 3915, 2970, 2507, 2687, 2282, 886, 3593, 2641, 841, 1276, 392, 3116, 2980, 2311, 918, 2973, 2477, 3359, 13, 1644, 2425, 3532, 1612, 3847, 593, 1790, 1269, 3067, 1390, 3429, 319, 2291, 1384, 3887, 1895, 1391, 2393, 220, 1565, 960, 2790, 3976, 1708, 2230, 2023, 1343, 2206, 2571, 2515, 1277, 1974, 2277, 747, 1046, 1821, 1365, 2143, 52, 1635, 1011, 3197, 3590, 2444, 3323, 1358, 699, 3862, 1463, 0]
Route #8: [0, 273, 2692, 1185, 894, 324, 2315, 1616, 1963, 3592, 3742, 2166, 2212, 1804, 3171, 2811, 1805, 1529, 3175, 3850, 3407, 1528, 301, 1049, 2836, 2279, 734, 2148, 1253, 3075, 3711, 349, 2797, 2141, 1483, 3438, 2272, 840, 2363, 3732, 2626, 2995, 2998, 2125, 3501, 3036, 2568, 277, 1056, 3794, 521, 3013, 2234, 1732, 3375, 3700, 1900, 1386, 2187, 3342, 3930, 2854, 3157, 2183, 1975, 1120, 1988, 1882, 2882, 3768, 2644, 1088, 166, 1090, 3781, 2179, 1610, 2208, 315, 1195, 1039, 3870, 1029, 2714, 1104, 32, 3752, 919, 1200, 1290, 0]
Route #9: [0, 3905, 1383, 342, 2780, 3654, 1889, 2526, 3128, 2089, 1102, 1332, 2157, 3804, 3404, 2221, 3167, 1182, 3599, 843, 3520, 3997, 3800, 994, 411, 2709, 286, 3650, 2140, 2937, 525, 1363, 2725, 2290, 228, 1521, 1321, 916, 2203, 3097, 3885, 2056, 1382, 3464, 1867, 256, 3195, 3089, 93, 2184, 970, 260, 1469, 1864, 1729, 592, 2113, 3687, 1789, 3164, 3273, 641, 607, 2665, 3985, 3959, 2752, 1808, 2563, 3099, 3274, 2808, 2553, 426, 3045, 3140, 1797, 3153, 3111, 2825, 3792, 369, 1177, 1092, 2098, 917, 2304, 1653, 2624, 0]
Route #10: [0, 2242, 839, 1380, 1589, 57, 2319, 852, 2107, 691, 1392, 995, 2449, 1166, 1875, 1958, 2249, 2678, 872, 3529, 783, 2378, 190, 170, 3702, 3329, 2987, 1943, 635, 1944, 2754, 2931, 2623, 3864, 547, 3070, 1637, 3121, 3490, 2210, 2558, 1294, 274, 2428, 490, 3663, 1235, 3150, 1207, 3483, 1017, 558, 3322, 3305, 3114, 3739, 423, 3466, 3182, 1688, 3941, 2353, 3469, 3210, 502, 1236, 2447, 3016, 1106, 3972, 869, 1008, 1263, 3050, 2913, 974, 3517, 1631, 1712, 3856, 2791, 1399, 1117, 3726, 0]
Route #11: [0, 3446, 1576, 1266, 924, 3468, 3778, 2150, 1716, 1204, 3132, 3714, 3463, 1734, 1761, 462, 966, 3720, 2886, 1149, 3660, 2562, 1725, 3488, 2451, 2732, 837, 2683, 1983, 3922, 3229, 3563, 1400, 3904, 91, 2219, 605, 1455, 2466, 2632, 1078, 909, 1187, 3583, 3613, 1877, 434, 2300, 1262, 2959, 2778, 1110, 644, 10, 1620, 439, 188, 252, 341, 2222, 1208, 3272, 1767, 2652, 744, 1793, 2662, 2410, 2039, 3006, 564, 2943, 3042, 1425, 2093, 3648, 1308, 1874, 961, 936, 3263, 2424, 2545, 1034, 0]
Route #12: [0, 1232, 3591, 9, 2605, 2947, 2406, 1479, 3052, 756, 1161, 2666, 2254, 2390, 3072, 2576, 1426, 3539, 1397, 2288, 2398, 3698, 2731, 2054, 2852, 2002, 456, 2012, 8, 3454, 3009, 1205, 1654, 2087, 2960, 2945, 1139, 986, 2283, 844, 1344, 2654, 449, 413, 2368, 373, 316, 3397, 3760, 3521, 473, 2550, 1433, 330, 3635, 2106, 3445, 895, 1539, 3767, 2684, 2322, 1130, 2708, 1245, 2915, 127, 1052, 1467, 3894, 2074, 3574, 1600, 2866, 542, 3081, 3949, 3661, 2495, 2826, 3159, 858, 3642, 3373, 732, 3386, 3918, 1087, 941, 129, 0]
Route #13: [0, 896, 1915, 907, 3191, 1112, 499, 1599, 3500, 1800, 2673, 1824, 1491, 3826, 2371, 3005, 1799, 929, 469, 998, 74, 3843, 290, 2236, 524, 2715, 2475, 3522, 1237, 537, 276, 780, 2262, 2118, 2932, 1826, 651, 3484, 1811, 724, 1822, 2196, 1683, 2067, 258, 1496, 3497, 1967, 1873, 3876, 1593, 2800, 1736, 422, 2607, 152, 2286, 1336, 1754, 801, 419, 3881, 1516, 2846, 1493, 781, 1099, 1211, 3518, 2124, 320, 3546, 3514, 3681, 1206, 3598, 3526, 1279, 2749, 3631, 1059, 3188, 1904, 3368, 713, 2621, 3813, 2481, 985, 1436, 3453, 1295, 111, 648, 0]
Route #14: [0, 878, 2595, 1260, 2036, 2792, 1461, 85, 3285, 60, 1133, 1214, 1121, 1520, 122, 1002, 1261, 2009, 633, 2266, 3601, 1190, 400, 2766, 1909, 1648, 2815, 954, 314, 2938, 1338, 522, 2476, 3149, 1064, 1498, 1971, 1051, 3218, 3834, 1143, 2063, 1846, 106, 619, 1250, 3205, 1305, 291, 51, 3980, 3411, 278, 620, 2330, 359, 1309, 792, 1872, 1453, 1419, 3632, 3201, 2429, 3677, 692, 407, 245, 1145, 3137, 143, 2077, 2979, 881, 3528, 1302, 3316, 1689, 3530, 1675, 2863, 1509, 2560, 3854, 2506, 1470, 2205, 3467, 2604, 562, 0]
Route #15: [0, 788, 3938, 817, 403, 2182, 3853, 3534, 676, 977, 1416, 3425, 2051, 3852, 3776, 1719, 2761, 251, 561, 2598, 2117, 3764, 1421, 45, 2195, 386, 2112, 2918, 3104, 3769, 457, 1892, 1984, 3745, 325, 83, 14, 535, 750, 2860, 3875, 3736, 831, 1718, 2803, 1888, 378, 3131, 967, 385, 937, 3022, 3264, 1615, 952, 351, 2994, 3310, 3773, 3860, 2214, 283, 946, 305, 2186, 3417, 903, 3569, 3729, 983, 3185, 2017, 658, 1590, 2094, 3585, 926, 2554, 2108, 2902, 1164, 475, 484, 1466, 1240, 1191, 1876, 1346, 2155, 3091, 3221, 3227, 3614, 0]
Route #16: [0, 1325, 845, 589, 293, 2953, 3755, 2845, 3570, 650, 752, 1607, 3179, 3284, 1763, 575, 3882, 3174, 3435, 1198, 208, 171, 3044, 664, 1105, 763, 3645, 269, 1527, 451, 2399, 1398, 1216, 2365, 2165, 3103, 999, 1713, 2385, 2139, 1226, 675, 2643, 1514, 1843, 906, 3821, 3731, 2028, 1442, 21, 124, 3056, 3979, 3398, 2745, 582, 508, 1577, 3638, 1147, 1596, 2575, 3125, 2869, 2660, 3844, 3957, 2656, 372, 693, 2350, 2226, 3639, 3640, 3082, 3257, 3168, 3338, 2367, 3170, 1711, 991, 1952, 1792, 1695, 87, 655, 3366, 3380, 2415, 3085, 3095, 3254, 0]
Route #17: [0, 2122, 1045, 375, 3058, 3683, 183, 3509, 718, 563, 1561, 1505, 3331, 2243, 2228, 2510, 453, 2646, 2035, 1563, 2921, 614, 1020, 2441, 988, 2610, 1495, 467, 2783, 3543, 1571, 1176, 3217, 257, 3105, 2586, 3753, 2672, 1153, 804, 1225, 1584, 3524, 3401, 1730, 3723, 3051, 3627, 555, 1786, 510, 2717, 2197, 3538, 1613, 3540, 2109, 1241, 3808, 989, 1583, 2591, 1410, 1239, 1884, 437, 709, 3799, 670, 1816, 1776, 2839, 696, 2704, 568, 663, 2303, 2848, 1647, 1982, 1352, 3878, 1327, 1402, 3506, 2992, 4000, 0]
Route #18: [0, 728, 3074, 285, 540, 356, 2541, 2043, 723, 1825, 211, 708, 3141, 3039, 2966, 2082, 2342, 2252, 485, 1457, 1807, 3315, 1330, 1015, 2785, 2997, 2489, 2498, 1293, 2907, 1355, 661, 687, 1865, 1622, 461, 1005, 2705, 2246, 689, 224, 2414, 1107, 972, 800, 2565, 2079, 2993, 2613, 2865, 3840, 1801, 2763, 2135, 1474, 486, 2132, 1256, 1335, 1785, 199, 943, 2431, 3814, 2674, 3946, 721, 3679, 147, 3209, 3713, 987, 1329, 113, 749, 3346, 281, 567, 3981, 3482, 25, 2377, 2982, 1687, 3402, 3625, 2190, 1814, 2504, 953, 928, 1588, 1084, 448, 610, 0]
Route #19: [0, 1777, 1172, 1429, 874, 1880, 662, 3472, 1551, 284, 665, 1828, 2199, 2841, 3575, 3865, 3987, 3620, 2804, 3244, 853, 263, 2244, 2241, 2328, 3903, 579, 814, 2917, 1656, 3450, 3434, 3589, 911, 3612, 1836, 1726, 2066, 910, 2448, 1135, 192, 1385, 1454, 2542, 391, 576, 1003, 2046, 2253, 2362, 2065, 1602, 1924, 810, 1894, 875, 1297, 3916, 1254, 1558, 280, 466, 3962, 3696, 1315, 2480, 1203, 2710, 1925, 3758, 3, 3084, 1403, 2650, 2969, 1388, 536, 720, 1477, 2088, 1033, 2346, 3571, 226, 2620, 3812, 509, 0]
Route #20: [0, 3738, 2655, 3966, 337, 3424, 2160, 3741, 480, 3839, 2052, 3008, 1861, 2436, 2340, 2777, 2929, 1819, 3184, 3327, 3474, 969, 2044, 3609, 2619, 2034, 2933, 2213, 1902, 1212, 3891, 1513, 3418, 178, 1980, 2862, 1927, 3024, 2675, 3222, 2114, 1623, 3212, 2499, 27, 1949, 3568, 2220, 632, 2465, 382, 1723, 2730, 53, 2174, 1265, 387, 3134, 2764, 2712, 496, 3037, 2559, 2849, 1089, 1585, 1746, 888, 2881, 2193, 3545, 1127, 3403, 1893, 1080, 2835, 296, 1638, 799, 169, 1025, 778, 0]
Route #21: [0, 808, 1753, 3566, 1559, 1751, 249, 181, 3017, 2430, 2355, 3078, 2680, 590, 982, 2142, 2919, 1418, 612, 2996, 202, 2756, 1976, 264, 2990, 1334, 1215, 2528, 2999, 138, 3018, 2069, 2773, 830, 1356, 2383, 1035, 2004, 2086, 2407, 2278, 681, 822, 3766, 432, 1757, 2584, 3845, 863, 1775, 1287, 1296, 1094, 684, 3015, 3544, 3685, 1233, 1991, 3783, 2905, 3276, 649, 2883, 1550, 1209, 3135, 2858, 504, 1743, 2971, 2509, 1518, 546, 1146, 1257, 191, 2978, 133, 3204, 746, 114, 3458, 3623, 1071, 294, 187, 716, 901, 1696, 3619, 3287, 3608, 0]
Route #22: [0, 3807, 242, 1151, 2805, 2493, 586, 773, 1978, 3629, 3382, 1787, 2144, 1829, 1443, 1572, 3048, 3202, 775, 688, 2523, 2583, 1680, 2802, 1965, 167, 1937, 2376, 2952, 2934, 2324, 3325, 1735, 898, 976, 328, 1996, 1490, 934, 527, 2450, 3040, 125, 512, 741, 1497, 135, 1768, 348, 2716, 3073, 1129, 2218, 2016, 3556, 1170, 1395, 303, 3848, 3302, 3349, 2494, 3138, 440, 81, 1966, 3156, 2888, 3126, 3486, 175, 3422, 2737, 2233, 3247, 1459, 1764, 1827, 698, 367, 2090, 3238, 552, 2382, 2573, 3505, 1369, 3031, 3519, 2029, 2574, 0]
Route #23: [0, 940, 336, 145, 1014, 1155, 707, 3007, 2789, 1249, 1538, 702, 2697, 1502, 2176, 2648, 2271, 2379, 1522, 2555, 3709, 1569, 3560, 1575, 384, 128, 3651, 3901, 2522, 639, 2443, 1298, 2746, 3655, 1136, 1306, 3309, 1901, 3502, 950, 2321, 703, 2728, 1229, 761, 1487, 2798, 3055, 2651, 2500, 73, 3993, 666, 3757, 3301, 3432, 362, 2693, 958, 1856, 2843, 3542, 1041, 41, 1, 3129, 2592, 2372, 1998, 1840, 374, 2516, 3721, 2585, 2412, 1774, 2823, 2923, 3115, 1997, 1666, 821, 3107, 1665, 978, 1878, 2677, 1464, 3582, 1063, 3724, 0]
Route #24: [0, 1993, 344, 2548, 745, 1417, 1258, 920, 1361, 232, 3982, 3002, 253, 3580, 2126, 1548, 2635, 3665, 100, 2759, 1611, 266, 3931, 2418, 2163, 572, 3662, 981, 3666, 2175, 1450, 2701, 84, 3633, 3337, 1690, 464, 1914, 505, 3817, 711, 1699, 1428, 2577, 865, 1710, 3475, 2049, 2581, 791, 859, 3822, 110, 2784, 3427, 3577, 1248, 2336, 1093, 7, 365, 585, 3321, 1042, 2059, 3291, 1910, 2552, 544, 1579, 2955, 3958, 3387, 331, 3762, 2566, 1934, 3541, 395, 2224, 1103, 867, 1004, 3886, 3793, 0]
Route #25: [0, 727, 75, 740, 1950, 501, 1434, 2257, 394, 3101, 1650, 3333, 2753, 899, 3763, 1603, 511, 1489, 1700, 519, 233, 2384, 3986, 1540, 2152, 2364, 71, 2408, 1401, 3499, 306, 2455, 618, 1242, 1574, 3559, 1115, 2472, 2381, 3318, 538, 1482, 2096, 2517, 1108, 3523, 2207, 2561, 1681, 1957, 1673, 1798, 915, 735, 892, 3906, 1142, 357, 2951, 848, 2263, 3441, 76, 1141, 3656, 3236, 3439, 482, 2, 2911, 3578, 904, 326, 1628, 3911, 1511, 3297, 617, 1213, 2235, 1555, 2014, 3695, 3012, 2170, 1376, 0]
Route #26: [0, 216, 2659, 719, 1913, 3235, 2991, 1475, 1621, 380, 2974, 739, 884, 973, 2900, 931, 2813, 2596, 2458, 1271, 3420, 621, 3694, 1069, 2356, 189, 3811, 2111, 323, 1652, 2724, 1586, 3914, 766, 2874, 1471, 2547, 3743, 3855, 146, 526, 1959, 1324, 2734, 78, 1682, 984, 1448, 3705, 3093, 1936, 3727, 2871, 345, 2401, 3266, 2349, 2556, 996, 3910, 890, 217, 3332, 3657, 3357, 2178, 488, 2681, 860, 2744, 2202, 48, 3252, 405, 3187, 2332, 1981, 647, 1281, 2215, 1023, 1714, 0]
Route #27: [0, 3358, 2530, 1378, 2391, 3145, 1721, 2231, 2038, 902, 1499, 3265, 1231, 1024, 470, 240, 3049, 1373, 825, 141, 1832, 3823, 12, 3830, 1532, 2689, 842, 2617, 3630, 427, 1691, 3473, 1530, 1408, 2972, 1055, 3604, 2912, 3343, 1614, 3866, 550, 3294, 882, 1174, 2463, 3320, 17, 2774, 2149, 2564, 602, 16, 2603, 912, 3667, 2433, 714, 3969, 2894, 2127, 1413, 3260, 36, 515, 2958, 1534, 3452, 1931, 2227, 399, 2091, 1769, 329, 3751, 460, 3372, 2204, 2119, 2102, 2129, 62, 1412, 622, 2314, 162, 3226, 3851, 1817, 1022, 3877, 1838, 3258, 2313, 1243, 623, 0]
Route #28: [0, 864, 2758, 2645, 2782, 3471, 2121, 3754, 2695, 1068, 573, 3900, 557, 2042, 3934, 1083, 1452, 2292, 2335, 671, 1537, 3433, 3451, 19, 1886, 205, 3927, 2819, 1148, 3874, 3419, 3449, 1283, 820, 2298, 3457, 3207, 1770, 3965, 914, 1883, 545, 1221, 3113, 2497, 3120, 580, 1259, 1702, 2068, 738, 2887, 1960, 870, 3671, 1032, 1394, 3494, 2395, 2354, 1180, 2427, 2180, 142, 2389, 377, 879, 1396, 3942, 3169, 1526, 565, 2629, 1038, 1247, 1663, 1131, 1111, 945, 2104, 2471, 1779, 28, 1304, 2733, 429, 1955, 3622, 2685, 1815, 89, 0]
Route #29: [0, 2540, 2859, 1138, 2223, 1201, 2105, 47, 3596, 3481, 168, 2831, 1409, 1698, 1624, 455, 847, 679, 1006, 1310, 182, 704, 2255, 2634, 3362, 3678, 793, 2742, 3602, 2343, 2939, 193, 2914, 3245, 2903, 3513, 3139, 165, 956, 1643, 1289, 3461, 63, 1912, 3110, 3057, 1371, 2172, 1573, 3360, 2136, 3014, 3819, 1228, 3094, 82, 2333, 1183, 1000, 3340, 2776, 591, 3163, 2738, 779, 338, 3511, 3837, 856, 3533, 250, 3880, 61, 2211, 3289, 787, 2099, 3712, 1118, 2131, 2889, 3977, 2423, 2963, 2580, 3152, 1717, 1367, 3219, 1986, 1715, 900, 0]
Route #30: [0, 3336, 23, 828, 3280, 556, 2289, 398, 690, 1766, 1668, 1270, 2787, 1784, 2518, 435, 1634, 2688, 2600, 3165, 1782, 2137, 3281, 629, 1313, 1922, 3636, 560, 3561, 3394, 1512, 3066, 401, 2454, 1953, 530, 2936, 834, 3606, 2989, 2312, 2173, 3384, 3692, 2031, 1562, 3324, 3194, 3400, 2501, 2153, 3516, 3588, 2297, 1079, 1737, 2081, 725, 797, 3785, 1181, 551, 1031, 2251, 2162, 1850, 2181, 1969, 1547, 261, 2940, 3447, 3703, 2294, 3275, 2818, 2981, 3442, 3189, 204, 1891, 2772, 1598, 1627, 0]
Route #31: [0, 3269, 1970, 2531, 3430, 177, 154, 2287, 3873, 897, 1848, 1506, 3345, 2006, 3765, 835, 2638, 1165, 2380, 1510, 136, 868, 2892, 3356, 1947, 213, 529, 3242, 2064, 2718, 2439, 3816, 3974, 767, 1301, 3889, 3143, 1189, 1160, 3554, 1157, 1058, 3740, 270, 3748, 123, 2171, 1692, 1842, 3795, 2671, 2537, 1646, 3262, 3025, 851, 1546, 95, 631, 2751, 30, 2739, 209, 3960, 3849, 1582, 489, 3803, 212, 3396, 2829, 56, 574, 1851, 3361, 2216, 1552, 2005, 1839, 636, 743, 420, 1222, 1885, 0]
Route #32: [0, 3206, 2032, 299, 3496, 659, 1651, 3552, 157, 3947, 321, 121, 1907, 206, 836, 3249, 2305, 287, 132, 2988, 3893, 1788, 1899, 3899, 2248, 3920, 2908, 2567, 2760, 268, 3186, 2320, 234, 381, 487, 1074, 1595, 1706, 3937, 908, 1973, 2326, 2767, 2445, 229, 50, 1186, 861, 2168, 1849, 2033, 472, 1762, 3348, 1677, 3298, 776, 1370, 1431, 406, 3377, 2521, 2870, 159, 3414, 3020, 3897, 34, 3079, 2366, 624, 3780, 24, 117, 430, 2975, 59, 1625, 0]
Route #33: [0, 777, 1830, 2123, 2284, 1405, 3868, 2895, 2519, 1720, 1813, 3531, 6, 1854, 1641, 3123, 431, 3199, 3772, 3944, 3371, 2601, 1485, 347, 3173, 963, 1019, 2359, 729, 2956, 3256, 717, 1328, 3232, 2469, 500, 161, 2021, 2884, 3775, 2145, 518, 794, 700, 964, 2338, 3718, 116, 2508, 2026, 3537, 3641, 3339, 2599, 3968, 652, 2856, 2308, 1432, 1219, 2706, 493, 1067, 1640, 497, 1554, 3902, 1581, 1372, 3676, 1630, 3240, 2488, 3029, 921, 1773, 2318, 2616, 3158, 850, 1946, 3064, 3142, 3643, 616, 876, 3161, 139, 3003, 3637, 0]
Route #34: [0, 1833, 2008, 2030, 90, 3943, 3961, 668, 1349, 1664, 3634, 1930, 1841, 3308, 3061, 297, 3367, 438, 77, 871, 2814, 243, 1444, 4, 2538, 2736, 68, 492, 1678, 1119, 3011, 2727, 1658, 3330, 1741, 2075, 350, 595, 1794, 271, 674, 1238, 1871, 2875, 770, 1389, 1047, 1920, 1438, 1081, 1722, 1178, 826, 2037, 1948, 2151, 513, 3493, 3030, 3148, 3600, 3251, 37, 2779, 2446, 3146, 408, 3929, 2817, 1075, 3777, 1501, 1319, 755, 3365, 2536, 1065, 3352, 3759, 144, 685, 1291, 2793, 0]
Route #35: [0, 279, 389, 971, 1062, 751, 3443, 3610, 715, 494, 2405, 1196, 2551, 2799, 2925, 866, 758, 2285, 628, 1152, 1802, 3092, 722, 307, 3818, 70, 3041, 1655, 1939, 3689, 370, 3069, 2657, 1184, 1938, 3243, 2594, 1374, 1192, 873, 2057, 1420, 3717, 2158, 2890, 2602, 3989, 3747, 2417, 311, 3286, 816, 20, 262, 2788, 3162, 428, 3282, 275, 606, 1353, 267, 3547, 454, 3465, 3019, 3378, 2946, 643, 3246, 774, 997, 2024, 3924, 1053, 244, 1932, 3555, 2470, 3106, 3710, 1926, 2622, 3932, 360, 2748, 2496, 366, 3867, 163, 2050, 3672, 3223, 2245, 1275, 1057, 2194, 0]
Route #36: [0, 3728, 3410, 352, 3270, 2161, 3956, 3699, 891, 102, 2589, 3198, 1072, 2588, 2833, 72, 2413, 3607, 1744, 3034, 877, 2060, 2885, 2325, 1908, 1411, 2922, 1905, 2691, 2806, 3144, 3828, 1727, 2534, 383, 1541, 608, 1605, 1351, 108, 2265, 3480, 3653, 3278, 1114, 2532, 49, 412, 1456, 2544, 200, 3797, 1194, 1855, 340, 3279, 2668, 134, 1881, 414, 806, 2487, 2842, 1619, 3628, 3551, 371, 3649, 634, 930, 862, 630, 358, 3193, 1060, 3393, 2360, 3621, 2217, 0]
Route #37: [0, 3296, 2962, 559, 2893, 3912, 156, 2557, 3788, 65, 1626, 450, 2388, 962, 3001, 2238, 1866, 1340, 784, 3068, 3237, 201, 3756, 3779, 1517, 3448, 2898, 1703, 2167, 2348, 3364, 2721, 1440, 2984, 596, 3479, 3909, 1549, 1733, 3708, 459, 1823, 3548, 31, 38, 3750, 1342, 1255, 1709, 2582, 3307, 3684, 2329, 2910, 313, 3504, 503, 3319, 3160, 3955, 1481, 1447, 3292, 3415, 29, 481, 2838, 3406, 3879, 1404, 3062, 3701, 2327, 1480, 2750, 3805, 1492, 3478, 3119, 3392, 3719, 1844, 3595, 3858, 0]
Route #38: [0, 1940, 1188, 3688, 1649, 3674, 246, 1122, 2844, 1738, 2949, 3988, 194, 417, 938, 2633, 195, 43, 1868, 2492, 2928, 2474, 343, 3080, 2899, 198, 1318, 425, 2041, 1810, 1368, 3921, 3999, 2606, 3624, 615, 1171, 2403, 107, 1446, 3825, 310, 3704, 2201, 2200, 3035, 3831, 2369, 3026, 534, 1086, 442, 1771, 959, 2587, 2713, 1662, 1633, 2120, 2434, 531, 1524, 1760, 2924, 2344, 3220, 3535, 2694, 811, 388, 2757, 2361, 1267, 1415, 2578, 3579, 3354, 2628, 3626, 3682, 2259, 96, 760, 3277, 3515, 1809, 2247, 0]
Route #39: [0, 1860, 2116, 80, 2879, 1314, 2976, 2453, 2459, 2505, 3295, 2468, 2101, 1460, 965, 3032, 312, 1307, 1837, 2755, 1523, 1333, 1917, 3586, 2873, 474, 3021, 1918, 1050, 218, 105, 1132, 2053, 2185, 3178, 1519, 2209, 3409, 1564, 2961, 3562, 3259, 957, 2110, 3460, 1218, 1979, 2387, 3133, 1942, 2426, 2549, 3376, 2649, 2658, 1070, 3312, 3421, 1629, 1686, 3047, 887, 1921, 2743, 2392, 3344, 184, 3761, 1154, 227, 1705, 3390, 1375, 2872, 3436, 3388, 2901, 1557, 2647, 736, 1968, 2146, 2483, 1911, 3801, 1543, 3926, 2935, 3725, 932, 1150, 0]
Route #40: [0, 2192, 1693, 1199, 3824, 2525, 3495, 1739, 1140, 1044, 3004, 3351, 3214, 415, 483, 2663, 1124, 1951, 1783, 3151, 410, 1701, 149, 789, 3147, 2513, 1027, 2467, 785, 2411, 1731, 3722, 1962, 239, 3749, 300, 992, 3489, 445, 1134, 447, 3967, 463, 949, 322, 5, 944, 2880, 3973, 3268, 3734, 3208, 1570, 823, 686, 471, 1685, 2986, 3391, 1144, 523, 1545, 807, 2419, 1795, 1163, 923, 1858, 22, 2310, 2058, 3028, 1772, 2822, 3087, 990, 733, 174, 2597, 2048, 3895, 1197, 2402, 54, 609, 3215, 737, 0]
Route #41: [0, 2061, 2700, 2293, 1085, 3154, 913, 2198, 46, 809, 3239, 669, 1657, 3512, 3234, 1312, 140, 2015, 2018, 1288, 2630, 3558, 1542, 805, 3176, 611, 849, 2156, 3096, 626, 334, 2726, 1923, 1465, 833, 2078, 1604, 148, 3939, 368, 1747, 2256, 3970, 1670, 2950, 2258, 640, 2741, 968, 1928, 2821, 1451, 2702, 2827, 465, 1123, 3680, 2345, 802, 1230, 2189, 33, 2473, 1672, 332, 1339, 64, 3190, 1890, 1870, 2533, 726, 88, 683, 1202, 1740, 678, 298, 2177, 3261, 3669, 933, 765, 654, 1359, 3241, 1364, 2679, 2301, 3283, 1591, 0]
Route #42: [0, 402, 1173, 1345, 3413, 2302, 3923, 3328, 164, 214, 265, 339, 1667, 1377, 2462, 3859, 1007, 2260, 2274, 2661, 584, 3791, 1749, 2514, 2830, 1661, 764, 2073, 613, 1845, 3109, 476, 196, 1472, 1857, 520, 3054, 2503, 1847, 3290, 3431, 2264, 3611, 1274, 118, 2569, 2631, 594, 3180, 2394, 1317, 3224, 1897, 172, 1707, 3248, 1043, 2625, 40, 3086, 1316, 1350, 418, 2011, 1013, 458, 2812, 3836, 1478, 2281, 1504, 2275, 548, 3940, 3565, 2334, 2010, 396, 3379, 3383, 3658, 3408, 1422, 829, 2539, 3963, 3313, 600, 3983, 3572, 980, 2837, 2768, 2460, 3883, 2864, 0]
Route #43: [0, 219, 710, 3832, 3389, 3978, 885, 3888, 597, 103, 363, 1515, 115, 1091, 2269, 1606, 3046, 2896, 3998, 1167, 3991, 3314, 2276, 1113, 832, 2729, 660, 3789, 3183, 1076, 137, 2690, 1096, 2154, 2416, 754, 1282, 1210, 2847, 2719, 3846, 541, 827, 3994, 3192, 361, 2809, 2386, 207, 3919, 2637, 1608, 2404, 2270, 3917, 69, 1567, 3744, 3250, 1632, 3405, 3350, 2834, 255, 1224, 1362, 355, 2608, 1961, 2529, 3300, 3733, 1169, 1021, 1977, 119, 3426, 1026, 857, 599, 694, 3510, 1592, 1906, 3306, 2698, 2770, 1742, 3288, 225, 0]
Route #44: [0, 3211, 2422, 2486, 109, 1765, 3576, 587, 2130, 2820, 2853, 3108, 3884, 677, 92, 682, 1806, 3487, 2147, 3503, 2076, 2133, 2083, 2769, 2490, 3996, 1945, 2374, 1660, 2636, 695, 2699, 2352, 2720, 3071, 1360, 3730, 3155, 2240, 1989, 1264, 2003, 815, 3130, 922, 98, 3255, 2007, 2904, 939, 289, 379, 433, 390, 1311, 2239, 397, 2491, 786, 3369, 151, 3796, 3102, 2520, 1869, 1268, 656, 160, 2781, 112, 2409, 3581, 1016, 3810, 3936, 333, 1010, 3617, 3995, 39, 3476, 248, 86, 3437, 3507, 288, 1755, 3412, 771, 1037, 2370, 1578, 1435, 155, 2524, 282, 3615, 0]
Route #45: [0, 975, 2396, 1292, 642, 757, 2062, 3010, 1987, 2703, 2707, 768, 705, 186, 1756, 404, 1082, 101, 3706, 3233, 3913, 2461, 731, 1896, 3802, 2357, 516, 3200, 42, 2850, 2341, 1101, 507, 1488, 2795, 2612, 2484, 3975, 2775, 444, 2546, 1929, 2511, 304, 3827, 3225, 479, 543, 1758, 846, 3060, 2611, 3395, 2022, 1018, 838, 79, 1503, 2306, 3043, 354, 1508, 1812, 1796, 3253, 1220, 2653, 3271, 1137, 1935, 2128, 2670, 653, 1903, 1694, 3992, 2897, 441, 948, 1009, 1985, 1168, 2941, 436, 2527, 2261, 2944, 1898, 223, 1381, 2191, 3428, 0]
Route #46: [0, 2957, 2669, 491, 468, 222, 2794, 3459, 2840, 3896, 2867, 712, 1109, 2085, 2878, 1128, 2164, 295, 3898, 570, 1972, 3774, 3984, 604, 1300, 769, 3100, 3038, 2169, 1299, 126, 44, 3935, 2964, 3715, 697, 0]
Cost: 136515
Wall Time: 9.455873966217041
CPU Time: 9.437366
