Route #1: [0, 48, 210, 111, 843, 253, 837, 500, 80, 131, 240, 226, 163, 4, 83, 571, 36, 512, 129, 278, 629, 141, 771, 196, 701, 673, 0]
Route #2: [0, 370, 824, 869, 388, 472, 187, 634, 295, 595, 737, 566, 637, 81, 437, 277, 558, 31, 238, 783, 447, 232, 0]
Route #3: [0, 756, 272, 150, 343, 368, 223, 590, 334, 130, 64, 258, 552, 517, 899, 819, 214, 50, 792, 591, 0]
Route #4: [0, 96, 17, 300, 683, 713, 873, 601, 488, 140, 779, 808, 167, 749, 42, 557, 446, 814, 144, 703, 840, 761, 208, 250, 40, 816, 565, 432, 0]
Route #5: [0, 242, 363, 105, 528, 116, 349, 77, 112, 594, 365, 822, 152, 881, 778, 460, 695, 305, 366, 897, 692, 865, 416, 0]
Route #6: [0, 455, 688, 254, 137, 266, 175, 748, 481, 274, 804, 641, 845, 850, 174, 614, 451, 541, 115, 445, 418, 879, 613, 0]
Route #7: [0, 336, 304, 186, 752, 133, 18, 694, 545, 670, 499, 716, 461, 312, 769, 496, 882, 786, 564, 444, 0]
Route #8: [0, 353, 715, 142, 559, 735, 492, 730, 453, 346, 508, 836, 854, 810, 598, 125, 193, 482, 466, 82, 138, 0]
Route #9: [0, 844, 891, 400, 376, 268, 584, 640, 177, 381, 806, 97, 736, 516, 16, 3, 672, 877, 160, 276, 419, 509, 0]
Route #10: [0, 555, 809, 747, 275, 380, 282, 303, 789, 14, 721, 294, 745, 815, 560, 770, 289, 379, 556, 574, 162, 255, 348, 213, 316, 101, 656, 0]
Route #11: [0, 652, 247, 113, 757, 630, 389, 327, 178, 176, 731, 39, 421, 244, 249, 189, 887, 485, 382, 362, 34, 872, 674, 0]
Route #12: [0, 479, 222, 168, 625, 68, 650, 861, 666, 347, 345, 648, 685, 827, 790, 324, 423, 280, 0]
Route #13: [0, 146, 871, 248, 118, 317, 218, 534, 227, 661, 533, 588, 410, 714, 507, 596, 581, 79, 572, 599, 483, 603, 243, 632, 0]
Route #14: [0, 868, 406, 302, 686, 415, 151, 128, 321, 602, 23, 554, 544, 857, 153, 475, 785, 742, 85, 839, 191, 207, 0]
Route #15: [0, 798, 811, 52, 608, 645, 469, 733, 753, 664, 518, 900, 267, 409, 833, 511, 60, 624, 772, 158, 0]
Route #16: [0, 212, 170, 424, 171, 812, 114, 898, 750, 296, 288, 550, 319, 55, 73, 433, 86, 628, 531, 618, 425, 0]
Route #17: [0, 781, 135, 671, 51, 462, 383, 264, 252, 361, 726, 12, 20, 88, 123, 169, 22, 149, 161, 680, 27, 89, 0]
Route #18: [0, 24, 762, 513, 700, 592, 190, 799, 505, 831, 728, 431, 710, 893, 847, 676, 374, 407, 93, 0]
Route #19: [0, 124, 408, 391, 764, 766, 306, 524, 501, 339, 259, 826, 328, 122, 788, 233, 491, 547, 373, 372, 568, 0]
Route #20: [0, 575, 44, 464, 66, 452, 297, 657, 611, 535, 228, 765, 215, 422, 54, 358, 653, 635, 693, 430, 617, 173, 490, 776, 707, 285, 0]
Route #21: [0, 435, 375, 823, 265, 642, 463, 71, 755, 200, 309, 746, 386, 21, 183, 204, 718, 675, 323, 636, 219, 245, 434, 41, 357, 78, 63, 292, 0]
Route #22: [0, 662, 394, 489, 459, 760, 458, 315, 95, 395, 644, 835, 35, 767, 741, 841, 862, 320, 521, 519, 681, 332, 0]
Route #23: [0, 203, 87, 538, 573, 834, 271, 314, 658, 107, 523, 194, 667, 706, 329, 26, 188, 722, 660, 450, 515, 291, 0]
Route #24: [0, 344, 392, 342, 202, 719, 287, 687, 696, 262, 866, 471, 90, 858, 293, 621, 402, 655, 551, 139, 853, 0]
Route #25: [0, 45, 145, 225, 37, 817, 350, 121, 47, 530, 740, 583, 743, 56, 352, 563, 600, 263, 542, 197, 867, 2, 195, 0]
Route #26: [0, 791, 553, 57, 623, 787, 9, 569, 84, 260, 441, 649, 487, 842, 221, 468, 604, 597, 331, 261, 678, 744, 577, 725, 820, 156, 0]
Route #27: [0, 377, 337, 665, 58, 539, 236, 717, 429, 704, 127, 398, 585, 690, 19, 724, 28, 359, 727, 880, 889, 646, 0]
Route #28: [0, 269, 612, 729, 59, 103, 803, 470, 7, 668, 593, 182, 117, 626, 504, 136, 286, 298, 0]
Route #29: [0, 157, 878, 231, 166, 526, 888, 355, 217, 181, 514, 220, 712, 49, 76, 132, 684, 209, 821, 633, 875, 307, 0]
Route #30: [0, 399, 525, 229, 807, 251, 775, 338, 818, 874, 436, 120, 179, 165, 30, 404, 75, 768, 180, 705, 802, 852, 5, 659, 154, 405, 0]
Route #31: [0, 126, 702, 486, 38, 754, 147, 65, 241, 311, 69, 279, 896, 830, 100, 98, 70, 109, 443, 367, 53, 0]
Route #32: [0, 457, 805, 33, 828, 885, 356, 467, 851, 143, 330, 198, 335, 29, 886, 758, 763, 620, 894, 420, 325, 732, 246, 0]
Route #33: [0, 427, 494, 711, 723, 605, 537, 529, 607, 440, 230, 6, 108, 510, 390, 796, 474, 414, 25, 738, 480, 663, 567, 426, 0]
Route #34: [0, 773, 99, 520, 270, 813, 549, 299, 364, 562, 838, 616, 281, 290, 134, 438, 308, 698, 369, 536, 639, 449, 800, 428, 326, 502, 0]
Route #35: [0, 465, 638, 354, 876, 310, 497, 205, 774, 477, 784, 442, 185, 119, 148, 846, 61, 172, 378, 333, 234, 0]
Route #36: [0, 622, 570, 94, 895, 647, 759, 863, 654, 1, 74, 849, 351, 859, 734, 454, 283, 43, 548, 396, 793, 341, 777, 0]
Route #37: [0, 860, 864, 780, 110, 211, 192, 493, 159, 476, 72, 679, 503, 224, 615, 619, 216, 385, 92, 739, 0]
Route #38: [0, 576, 237, 720, 589, 697, 532, 411, 403, 643, 825, 301, 870, 239, 206, 13, 313, 709, 561, 627, 495, 543, 0]
Route #39: [0, 318, 587, 417, 848, 691, 393, 631, 473, 884, 795, 199, 102, 273, 682, 669, 699, 257, 883, 0]
Route #40: [0, 782, 609, 401, 582, 67, 91, 890, 32, 856, 606, 62, 360, 677, 586, 11, 412, 801, 579, 387, 892, 498, 751, 651, 0]
Route #41: [0, 527, 610, 155, 580, 235, 256, 322, 522, 456, 448, 340, 855, 689, 8, 384, 797, 284, 104, 10, 478, 46, 540, 106, 484, 184, 0]
Route #42: [0, 506, 546, 371, 164, 201, 15, 708, 794, 439, 832, 397, 829, 413, 578, 0]
Cost: 35360
Wall Time: 0.5068490505218506
CPU Time: 0.505189
