Route #1: [0, 32, 24, 46, 35, 15, 95, 73, 64, 7, 0]
Route #2: [0, 50, 79, 30, 85, 87, 0]
Route #3: [0, 5, 12, 58, 29, 0]
Route #4: [0, 21, 100, 61, 97, 34, 65, 0]
Route #5: [0, 23, 19, 11, 81, 71, 89, 0]
Route #6: [0, 80, 17, 56, 57, 0]
Route #7: [0, 8, 94, 96, 76, 0]
Route #8: [0, 31, 53, 47, 0]
Route #9: [0, 75, 93, 33, 43, 0]
Route #10: [0, 44, 40, 3, 88, 14, 0]
Route #11: [0, 22, 41, 20, 72, 0]
Route #12: [0, 18, 4, 39, 26, 0]
Route #13: [0, 77, 67, 28, 0]
Route #14: [0, 59, 60, 82, 0]
Route #15: [0, 27, 91, 62, 0]
Route #16: [0, 63, 25, 42, 0]
Route #17: [0, 10, 78, 6, 45, 0]
Route #18: [0, 38, 48, 37, 0]
Route #19: [0, 52, 83, 0]
Route #20: [0, 66, 84, 90, 68, 0]
Route #21: [0, 1, 86, 54, 69, 0]
Route #22: [0, 51, 99, 13, 0]
Route #23: [0, 92, 9, 55, 0]
Route #24: [0, 98, 36, 49, 0]
Route #25: [0, 74, 16, 0]
Route #26: [0, 70, 2, 0]
Cost: 41404
Wall Time: 0.01011204719543457
CPU Time: 0.010088000000000003
