Route #1: [0, 355, 104, 210, 456, 102, 528, 462, 163, 87, 55, 164, 76, 59, 527, 133, 0]
Route #2: [0, 235, 91, 267, 278, 241, 552, 64, 461, 523, 284, 429, 135, 438, 345, 512, 0]
Route #3: [0, 483, 365, 114, 418, 357, 554, 13, 328, 361, 378, 532, 521, 0]
Route #4: [0, 268, 222, 354, 126, 174, 473, 317, 137, 79, 146, 508, 435, 341, 331, 495, 0]
Route #5: [0, 145, 447, 113, 229, 392, 303, 2, 546, 362, 83, 499, 290, 400, 551, 157, 0]
Route #6: [0, 173, 203, 103, 29, 363, 54, 72, 312, 47, 199, 161, 366, 269, 322, 110, 169, 273, 213, 0]
Route #7: [0, 200, 176, 467, 156, 223, 70, 100, 407, 245, 388, 396, 503, 316, 14, 381, 372, 220, 0]
Route #8: [0, 352, 422, 468, 31, 469, 27, 99, 550, 17, 165, 463, 67, 170, 0]
Route #9: [0, 535, 393, 520, 434, 123, 73, 459, 332, 129, 192, 265, 391, 433, 308, 7, 258, 441, 0]
Route #10: [0, 56, 272, 209, 19, 21, 194, 160, 168, 48, 515, 180, 22, 398, 138, 416, 489, 0]
Route #11: [0, 8, 90, 292, 298, 251, 250, 403, 51, 120, 247, 301, 162, 124, 334, 0]
Route #12: [0, 261, 348, 541, 52, 274, 218, 410, 287, 502, 556, 167, 464, 0]
Route #13: [0, 42, 205, 240, 217, 98, 84, 466, 63, 136, 325, 501, 260, 470, 0]
Route #14: [0, 351, 321, 293, 130, 553, 376, 288, 300, 326, 211, 101, 0]
Route #15: [0, 89, 314, 336, 465, 280, 333, 294, 389, 139, 246, 457, 291, 309, 140, 0]
Route #16: [0, 38, 88, 50, 175, 221, 34, 224, 266, 190, 183, 215, 45, 18, 0]
Route #17: [0, 62, 445, 117, 479, 428, 323, 476, 264, 1, 442, 507, 0]
Route #18: [0, 338, 387, 289, 383, 318, 93, 472, 490, 226, 3, 276, 339, 121, 151, 239, 0]
Route #19: [0, 395, 244, 53, 78, 542, 282, 498, 304, 444, 20, 481, 307, 149, 557, 458, 0]
Route #20: [0, 449, 424, 377, 480, 356, 539, 206, 402, 148, 296, 513, 327, 335, 0]
Route #21: [0, 524, 437, 374, 519, 26, 555, 452, 49, 44, 337, 360, 353, 33, 405, 0]
Route #22: [0, 242, 198, 69, 186, 371, 208, 254, 346, 450, 86, 271, 505, 10, 80, 204, 559, 6, 0]
Route #23: [0, 263, 197, 85, 171, 158, 249, 23, 191, 116, 236, 500, 9, 4, 46, 107, 0]
Route #24: [0, 61, 182, 413, 212, 24, 189, 253, 525, 329, 233, 299, 248, 446, 530, 540, 477, 382, 0]
Route #25: [0, 228, 152, 259, 526, 71, 411, 455, 311, 350, 518, 187, 537, 0]
Route #26: [0, 504, 471, 319, 105, 216, 543, 368, 375, 343, 460, 474, 506, 302, 385, 0]
Route #27: [0, 313, 399, 96, 544, 516, 347, 451, 448, 373, 310, 232, 386, 475, 0]
Route #28: [0, 538, 257, 30, 32, 94, 243, 141, 92, 193, 404, 201, 0]
Route #29: [0, 285, 364, 534, 488, 425, 517, 155, 95, 5, 496, 0]
Route #30: [0, 108, 436, 74, 166, 37, 172, 227, 11, 28, 115, 36, 179, 154, 320, 231, 0]
Route #31: [0, 238, 256, 344, 369, 207, 237, 188, 511, 482, 509, 412, 112, 427, 454, 358, 281, 0]
Route #32: [0, 128, 177, 270, 68, 132, 214, 131, 16, 65, 252, 144, 159, 119, 202, 0]
Route #33: [0, 536, 342, 409, 340, 414, 415, 349, 306, 41, 0]
Route #34: [0, 66, 195, 443, 485, 421, 440, 367, 420, 286, 401, 560, 184, 230, 390, 529, 324, 0]
Route #35: [0, 494, 275, 497, 43, 60, 219, 196, 234, 127, 297, 0]
Route #36: [0, 533, 134, 277, 153, 262, 185, 150, 109, 125, 12, 0]
Route #37: [0, 283, 58, 558, 295, 394, 315, 439, 370, 397, 423, 0]
Route #38: [0, 491, 178, 40, 549, 419, 379, 380, 453, 431, 522, 75, 531, 77, 0]
Route #39: [0, 492, 514, 111, 426, 493, 384, 408, 548, 486, 97, 359, 484, 0]
Route #40: [0, 279, 142, 181, 122, 430, 147, 106, 406, 478, 15, 305, 510, 39, 0]
Route #41: [0, 118, 143, 255, 57, 82, 330, 417, 547, 487, 545, 35, 0]
Route #42: [0, 225, 81, 25, 432, 0]
Cost: 59372
Wall Time: 0.20175719261169434
CPU Time: 0.200442
