Route #1: [0, 262, 108, 370, 223, 30, 170, 93, 351, 153, 86, 167, 359, 24, 379, 309, 109, 381, 332, 225, 0]
Route #2: [0, 233, 83, 95, 135, 283, 68, 65, 193, 267, 324, 74, 123, 213, 308, 365, 296, 98, 161, 0]
Route #3: [0, 228, 248, 290, 273, 326, 17, 276, 343, 242, 51, 256, 350, 182, 156, 390, 205, 268, 88, 138, 284, 0]
Route #4: [0, 287, 94, 330, 46, 49, 318, 285, 376, 152, 55, 174, 165, 214, 196, 358, 45, 240, 15, 0]
Route #5: [0, 63, 258, 147, 180, 357, 127, 266, 66, 151, 103, 271, 62, 75, 5, 33, 60, 352, 160, 252, 40, 0]
Route #6: [0, 336, 44, 360, 394, 253, 176, 368, 149, 274, 10, 244, 11, 302, 116, 43, 28, 392, 353, 261, 0]
Route #7: [0, 254, 301, 197, 237, 380, 64, 125, 21, 29, 72, 303, 373, 378, 367, 316, 211, 124, 121, 115, 48, 173, 0]
Route #8: [0, 361, 177, 347, 87, 129, 294, 6, 168, 175, 140, 247, 164, 293, 257, 157, 349, 119, 339, 0]
Route #9: [0, 323, 311, 189, 194, 120, 229, 319, 270, 333, 128, 148, 105, 306, 37, 190, 314, 80, 393, 255, 0]
Route #10: [0, 388, 341, 263, 272, 241, 143, 277, 245, 1, 216, 42, 198, 288, 331, 18, 321, 0]
Route #11: [0, 215, 377, 212, 144, 22, 313, 329, 334, 4, 179, 372, 363, 355, 90, 232, 132, 200, 369, 224, 0]
Route #12: [0, 234, 219, 395, 184, 250, 201, 340, 181, 32, 362, 14, 220, 126, 235, 259, 113, 91, 130, 36, 145, 0]
Route #13: [0, 291, 112, 12, 131, 208, 158, 354, 227, 299, 375, 97, 50, 9, 178, 38, 0]
Route #14: [0, 297, 159, 397, 328, 52, 47, 348, 79, 191, 207, 70, 139, 122, 382, 203, 280, 246, 19, 185, 356, 0]
Route #15: [0, 20, 300, 111, 162, 89, 133, 279, 371, 335, 166, 53, 102, 7, 264, 155, 107, 239, 141, 110, 0]
Route #16: [0, 67, 39, 171, 364, 118, 183, 230, 104, 218, 327, 26, 251, 345, 202, 146, 82, 35, 0]
Route #17: [0, 71, 101, 137, 106, 31, 136, 78, 317, 400, 169, 387, 238, 56, 286, 163, 96, 199, 13, 0]
Route #18: [0, 307, 172, 384, 23, 58, 85, 188, 312, 69, 76, 54, 289, 154, 310, 100, 57, 0]
Route #19: [0, 142, 344, 221, 8, 195, 222, 282, 325, 187, 209, 385, 320, 217, 99, 0]
Route #20: [0, 260, 117, 3, 150, 315, 134, 386, 61, 27, 249, 304, 206, 204, 322, 281, 25, 342, 92, 383, 295, 0]
Route #21: [0, 16, 292, 81, 269, 366, 77, 231, 192, 389, 59, 41, 399, 210, 0]
Route #22: [0, 374, 186, 236, 346, 305, 398, 391, 2, 298, 275, 338, 114, 278, 337, 34, 226, 0]
Route #23: [0, 265, 396, 73, 84, 243, 0]
Cost: 43979
Wall Time: 1.388213872909546
CPU Time: 1.3865239999999999
