Route #1: [0, 174, 169, 172, 175, 162, 139, 135, 67, 157, 206, 95, 142, 97, 115, 109, 26, 230, 63, 92, 229, 44, 177, 112, 0]
Route #2: [0, 161, 143, 187, 197, 171, 128, 201, 46, 7, 83, 122, 22, 202, 192, 77, 87, 127, 148, 212, 0]
Route #3: [0, 181, 176, 215, 68, 64, 60, 30, 57, 204, 72, 66, 89, 37, 188, 23, 73, 88, 93, 124, 111, 0]
Route #4: [0, 155, 138, 101, 94, 130, 106, 103, 123, 151, 100, 14, 35, 8, 118, 205, 107, 152, 131, 120, 153, 144, 0]
Route #5: [0, 105, 150, 165, 141, 168, 149, 170, 133, 154, 156, 164, 217, 147, 167, 194, 241, 236, 163, 0]
Route #6: [0, 216, 190, 180, 235, 13, 3, 29, 16, 18, 15, 166, 213, 32, 119, 140, 36, 28, 50, 98, 0]
Route #7: [0, 39, 195, 208, 17, 108, 159, 178, 207, 158, 231, 182, 183, 184, 238, 61, 21, 240, 19, 232, 185, 0]
Route #8: [0, 191, 136, 209, 193, 81, 134, 6, 25, 203, 223, 129, 146, 233, 225, 179, 234, 85, 20, 200, 27, 65, 48, 0]
Route #9: [0, 91, 2, 132, 121, 125, 47, 74, 99, 226, 110, 222, 12, 189, 196, 186, 221, 4, 173, 5, 0]
Route #10: [0, 211, 214, 160, 198, 33, 114, 86, 52, 51, 102, 59, 58, 62, 54, 116, 9, 219, 53, 55, 82, 49, 0]
Route #11: [0, 227, 41, 11, 113, 239, 40, 42, 71, 43, 45, 1, 76, 79, 80, 237, 224, 75, 145, 69, 70, 0]
Route #12: [0, 137, 218, 228, 24, 126, 104, 84, 78, 117, 34, 56, 31, 96, 90, 210, 10, 38, 220, 199, 0]
Cost: 19708
Wall Time: 0.3356916904449463
CPU Time: 0.335361
