Route #1: [0, 436, 272, 9, 234, 0]
Route #2: [0, 279, 97, 341, 390, 0]
Route #3: [0, 56, 197, 304, 120, 0]
Route #4: [0, 259, 420, 201, 208, 443, 0]
Route #5: [0, 174, 17, 273, 48, 0]
Route #6: [0, 157, 439, 101, 158, 0]
Route #7: [0, 360, 40, 311, 0]
Route #8: [0, 233, 356, 72, 392, 0]
Route #9: [0, 93, 302, 82, 74, 0]
Route #10: [0, 361, 268, 395, 529, 42, 0]
Route #11: [0, 830, 305, 655, 906, 0]
Route #12: [0, 114, 187, 293, 561, 0]
Route #13: [0, 110, 241, 104, 287, 413, 0]
Route #14: [0, 139, 167, 204, 448, 0]
Route #15: [0, 269, 165, 818, 418, 0]
Route #16: [0, 271, 541, 318, 908, 0]
Route #17: [0, 670, 337, 805, 28, 0]
Route #18: [0, 875, 589, 751, 752, 499, 0]
Route #19: [0, 180, 179, 322, 669, 15, 0]
Route #20: [0, 572, 727, 487, 641, 379, 0]
Route #21: [0, 662, 385, 298, 631, 0]
Route #22: [0, 155, 406, 429, 1, 32, 0]
Route #23: [0, 444, 738, 414, 135, 0]
Route #24: [0, 754, 482, 130, 870, 0]
Route #25: [0, 656, 862, 731, 849, 449, 0]
Route #26: [0, 340, 60, 636, 730, 739, 0]
Route #27: [0, 547, 13, 77, 371, 844, 0]
Route #28: [0, 537, 403, 761, 257, 464, 0]
Route #29: [0, 16, 485, 895, 282, 0]
Route #30: [0, 629, 473, 523, 725, 0]
Route #31: [0, 51, 2, 798, 106, 0]
Route #32: [0, 666, 797, 475, 646, 0]
Route #33: [0, 122, 693, 71, 633, 0]
Route #34: [0, 251, 831, 787, 699, 0]
Route #35: [0, 576, 609, 856, 328, 462, 0]
Route #36: [0, 171, 630, 125, 672, 714, 0]
Route #37: [0, 178, 606, 554, 673, 0]
Route #38: [0, 63, 627, 650, 409, 0]
Route #39: [0, 533, 736, 218, 222, 0]
Route #40: [0, 516, 386, 638, 618, 811, 0]
Route #41: [0, 307, 564, 519, 530, 0]
Route #42: [0, 86, 50, 412, 378, 0]
Route #43: [0, 858, 625, 583, 425, 0]
Route #44: [0, 69, 708, 880, 522, 861, 0]
Route #45: [0, 728, 164, 192, 35, 0]
Route #46: [0, 653, 720, 644, 878, 0]
Route #47: [0, 813, 896, 635, 876, 0]
Route #48: [0, 556, 777, 433, 599, 515, 0]
Route #49: [0, 676, 689, 524, 430, 0]
Route #50: [0, 612, 545, 111, 626, 0]
Route #51: [0, 255, 376, 177, 715, 768, 0]
Route #52: [0, 235, 277, 14, 423, 78, 0]
Route #53: [0, 480, 697, 490, 750, 0]
Route #54: [0, 463, 89, 632, 469, 0]
Route #55: [0, 300, 100, 49, 441, 0]
Route #56: [0, 803, 700, 905, 227, 588, 0]
Route #57: [0, 827, 24, 634, 837, 0]
Route #58: [0, 289, 723, 263, 722, 0]
Route #59: [0, 770, 685, 471, 346, 525, 0]
Route #60: [0, 843, 695, 854, 911, 0]
Route #61: [0, 501, 587, 595, 879, 0]
Route #62: [0, 899, 350, 479, 172, 0]
Route #63: [0, 853, 154, 817, 0]
Route #64: [0, 639, 748, 494, 873, 505, 0]
Route #65: [0, 274, 757, 806, 584, 384, 0]
Route #66: [0, 645, 749, 790, 88, 0]
Route #67: [0, 785, 913, 91, 573, 0]
Route #68: [0, 170, 746, 474, 717, 608, 0]
Route #69: [0, 489, 596, 83, 33, 0]
Route #70: [0, 565, 253, 229, 137, 0]
Route #71: [0, 675, 602, 555, 677, 117, 0]
Route #72: [0, 330, 66, 239, 452, 0]
Route #73: [0, 405, 454, 816, 698, 0]
Route #74: [0, 262, 84, 202, 585, 0]
Route #75: [0, 872, 369, 687, 438, 0]
Route #76: [0, 87, 435, 747, 823, 0]
Route #77: [0, 366, 275, 315, 336, 0]
Route #78: [0, 735, 310, 514, 887, 0]
Route #79: [0, 90, 312, 898, 732, 0]
Route #80: [0, 883, 144, 203, 382, 0]
Route #81: [0, 705, 470, 193, 465, 703, 0]
Route #82: [0, 240, 314, 812, 658, 0]
Route #83: [0, 128, 258, 119, 364, 0]
Route #84: [0, 146, 377, 270, 291, 0]
Route #85: [0, 53, 349, 440, 231, 0]
Route #86: [0, 711, 742, 782, 335, 0]
Route #87: [0, 134, 247, 327, 212, 702, 0]
Route #88: [0, 652, 688, 297, 622, 0]
Route #89: [0, 620, 26, 217, 210, 58, 0]
Route #90: [0, 367, 571, 153, 890, 481, 0]
Route #91: [0, 308, 651, 534, 562, 0]
Route #92: [0, 520, 531, 292, 707, 0]
Route #93: [0, 559, 186, 92, 824, 581, 0]
Route #94: [0, 604, 43, 248, 316, 324, 0]
Route #95: [0, 243, 226, 85, 52, 0]
Route #96: [0, 161, 27, 224, 391, 0]
Route #97: [0, 319, 147, 41, 567, 0]
Route #98: [0, 103, 453, 845, 45, 569, 0]
Route #99: [0, 601, 550, 892, 347, 847, 0]
Route #100: [0, 105, 411, 521, 716, 0]
Route #101: [0, 19, 886, 108, 109, 401, 0]
Route #102: [0, 778, 774, 667, 143, 502, 0]
Route #103: [0, 498, 6, 320, 399, 0]
Route #104: [0, 578, 455, 503, 570, 0]
Route #105: [0, 598, 910, 434, 566, 0]
Route #106: [0, 284, 21, 149, 223, 0]
Route #107: [0, 544, 623, 737, 860, 0]
Route #108: [0, 365, 800, 713, 0]
Route #109: [0, 560, 661, 807, 175, 740, 0]
Route #110: [0, 124, 510, 417, 181, 0]
Route #111: [0, 597, 772, 548, 733, 0]
Route #112: [0, 29, 532, 706, 590, 0]
Route #113: [0, 200, 22, 859, 614, 0]
Route #114: [0, 457, 30, 173, 290, 0]
Route #115: [0, 909, 648, 445, 704, 0]
Route #116: [0, 64, 549, 488, 244, 0]
Route #117: [0, 421, 914, 775, 38, 0]
Route #118: [0, 850, 696, 833, 317, 0]
Route #119: [0, 783, 874, 815, 819, 0]
Route #120: [0, 36, 261, 225, 352, 141, 0]
Route #121: [0, 228, 285, 303, 99, 0]
Route #122: [0, 67, 912, 136, 357, 719, 0]
Route #123: [0, 102, 865, 507, 659, 0]
Route #124: [0, 236, 325, 791, 126, 62, 0]
Route #125: [0, 131, 65, 694, 3, 0]
Route #126: [0, 256, 640, 579, 829, 0]
Route #127: [0, 280, 838, 437, 786, 0]
Route #128: [0, 528, 145, 508, 758, 0]
Route #129: [0, 543, 484, 536, 363, 0]
Route #130: [0, 864, 166, 301, 574, 0]
Route #131: [0, 907, 586, 591, 665, 0]
Route #132: [0, 458, 194, 784, 857, 0]
Route #133: [0, 712, 607, 506, 345, 0]
Route #134: [0, 198, 396, 10, 776, 0]
Route #135: [0, 726, 535, 605, 407, 0]
Route #136: [0, 456, 678, 5, 446, 0]
Route #137: [0, 624, 492, 517, 701, 0]
Route #138: [0, 288, 296, 351, 150, 0]
Route #139: [0, 616, 359, 185, 509, 0]
Route #140: [0, 814, 882, 897, 511, 0]
Route #141: [0, 628, 254, 472, 756, 0]
Route #142: [0, 834, 477, 801, 721, 0]
Route #143: [0, 190, 394, 329, 31, 0]
Route #144: [0, 466, 491, 460, 621, 0]
Route #145: [0, 822, 594, 467, 538, 734, 0]
Route #146: [0, 372, 682, 68, 0]
Route #147: [0, 211, 836, 753, 764, 0]
Route #148: [0, 766, 866, 577, 461, 0]
Route #149: [0, 95, 422, 810, 580, 779, 0]
Route #150: [0, 81, 679, 610, 468, 0]
Route #151: [0, 647, 540, 690, 637, 0]
Route #152: [0, 763, 745, 323, 769, 0]
Route #153: [0, 306, 780, 654, 759, 0]
Route #154: [0, 729, 842, 546, 0]
Route #155: [0, 526, 821, 762, 902, 657, 0]
Route #156: [0, 869, 362, 809, 796, 788, 0]
Route #157: [0, 393, 214, 156, 450, 0]
Route #158: [0, 600, 683, 691, 152, 0]
Route #159: [0, 868, 619, 388, 127, 512, 0]
Route #160: [0, 804, 802, 664, 851, 0]
Route #161: [0, 901, 476, 496, 121, 0]
Route #162: [0, 552, 400, 795, 881, 0]
Route #163: [0, 840, 832, 755, 613, 0]
Route #164: [0, 551, 182, 281, 283, 0]
Route #165: [0, 354, 744, 846, 891, 0]
Route #166: [0, 877, 527, 760, 825, 0]
Route #167: [0, 213, 380, 332, 383, 0]
Route #168: [0, 820, 765, 681, 557, 0]
Route #169: [0, 563, 338, 893, 642, 0]
Route #170: [0, 410, 593, 889, 871, 0]
Route #171: [0, 841, 710, 402, 835, 0]
Route #172: [0, 495, 486, 333, 767, 0]
Route #173: [0, 129, 558, 151, 267, 680, 0]
Route #174: [0, 397, 162, 828, 539, 0]
Route #175: [0, 781, 575, 478, 47, 582, 0]
Route #176: [0, 724, 504, 387, 611, 0]
Route #177: [0, 59, 808, 459, 671, 0]
Route #178: [0, 518, 888, 615, 709, 0]
Route #179: [0, 649, 884, 855, 264, 0]
Route #180: [0, 428, 76, 442, 189, 0]
Route #181: [0, 793, 668, 37, 404, 0]
Route #182: [0, 133, 232, 260, 140, 107, 0]
Route #183: [0, 370, 348, 839, 12, 0]
Route #184: [0, 431, 493, 39, 826, 0]
Route #185: [0, 427, 741, 196, 660, 0]
Route #186: [0, 867, 568, 903, 773, 0]
Route #187: [0, 643, 249, 191, 374, 0]
Route #188: [0, 18, 46, 209, 331, 0]
Route #189: [0, 592, 266, 663, 513, 0]
Route #190: [0, 419, 250, 206, 0]
Route #191: [0, 542, 915, 500, 368, 483, 0]
Route #192: [0, 617, 313, 497, 718, 0]
Route #193: [0, 176, 334, 373, 183, 0]
Route #194: [0, 115, 11, 424, 295, 0]
Route #195: [0, 294, 159, 686, 339, 112, 0]
Route #196: [0, 684, 299, 216, 885, 0]
Route #197: [0, 265, 863, 794, 904, 692, 0]
Route #198: [0, 160, 342, 389, 75, 230, 0]
Route #199: [0, 188, 80, 799, 207, 0]
Route #200: [0, 674, 98, 792, 57, 0]
Route #201: [0, 900, 603, 771, 894, 0]
Route #202: [0, 25, 113, 355, 132, 7, 0]
Route #203: [0, 848, 553, 245, 184, 0]
Route #204: [0, 447, 276, 4, 20, 0]
Route #205: [0, 852, 195, 169, 138, 0]
Route #206: [0, 23, 54, 55, 44, 0]
Route #207: [0, 205, 73, 451, 415, 0]
Route #208: [0, 789, 118, 343, 148, 326, 0]
Route #209: [0, 116, 242, 426, 286, 0]
Route #210: [0, 743, 61, 381, 168, 0]
Route #211: [0, 358, 96, 398, 246, 0]
Route #212: [0, 142, 199, 215, 237, 0]
Route #213: [0, 353, 34, 278, 220, 8, 0]
Route #214: [0, 70, 309, 375, 252, 123, 0]
Route #215: [0, 163, 94, 221, 238, 344, 0]
Route #216: [0, 416, 219, 321, 432, 0]
Route #217: [0, 79, 408, 0]
Cost: 351177
Wall Time: 15.881579160690308
CPU Time: 15.873695999999999
